51 51
55 55
60 56
65 58
70 57
75 59
81 58
86 57
91 56
96 54
100 50
104 47
107 43
112 40
117 38
123 40
128 41
133 41
138 38
143 38
148 36
153 37
157 41
163 42
167 39
173 41
176 45
180 48
185 48
191 47
195 49
200 50
205 51
202 56
201 61
201 66
203 71
202 77
201 82
204 86
206 91
209 96
209 101
211 106
216 109
219 113
220 118
222 123
223 128
222 133
222 138
223 143
224 148
221 152
218 157
218 163
219 168
217 172
216 177
213 182
212 186
208 190
205 195
205 200
205 205
201 201
198 196
192 194
187 194
181 192
178 187
175 182
171 178
167 174
162 170
156 168
150 170
146 175
140 177
134 177
128 175
123 173
117 172
112 173
106 174
100 175
95 172
90 175
84 177
78 177
73 181
68 182
62 185
58 189
58 196
55 201
51 205
51 200
51 194
50 189
53 184
56 179
57 174
62 170
67 168
69 163
69 158
69 153
68 148
68 142
69 137
73 133
74 128
73 123
72 117
69 113
65 109
64 104
62 99
58 94
53 92
51 87
52 82
52 77
51 72
50 66
52 61
51 56
