53.590994 51.527315
60.163975 51.909260
60.598483 51.921213
61.025609 51.906148
61.445355 51.864064
61.857719 51.794962
62.262701 51.698841
62.660303 51.575701
63.050523 51.425542
63.433361 51.248364
63.808818 51.044168
64.176894 50.812953
69.642671 47.142089
70.003018 46.893459
70.355288 46.637019
70.699483 46.372767
71.035601 46.100705
71.363643 45.820832
71.683608 45.533149
71.995497 45.237654
72.299310 44.934349
72.595047 44.623233
72.882707 44.304306
77.137038 39.461822
77.426713 39.147903
77.728493 38.851811
78.042379 38.573545
78.368370 38.313105
78.706466 38.070492
79.056668 37.845705
79.418974 37.638745
79.793387 37.449611
80.179904 37.278304
80.578527 37.124823
86.648662 34.956310
87.054168 34.816400
87.461334 34.685802
87.870161 34.564519
88.280648 34.452549
88.692796 34.349893
89.106604 34.256550
89.522073 34.172522
89.939202 34.097806
90.357992 34.032405
90.778442 33.976317
97.097646 33.204849
97.518606 33.160458
97.938928 33.130147
98.358611 33.113917
98.777656 33.111767
99.196061 33.123697
99.613827 33.149708
100.030955 33.189799
100.447443 33.243970
100.863293 33.312222
101.278504 33.394554
107.501875 34.735134
107.913771 34.831458
108.319677 34.941684
108.719592 35.065812
109.113518 35.203844
109.501453 35.355778
109.883398 35.521614
110.259352 35.701353
110.629317 35.894995
110.993290 36.102540
111.351274 36.323987
116.676102 39.749964
117.033439 39.973387
117.395473 40.186859
117.762204 40.390380
118.133632 40.583950
118.509757 40.767569
118.890579 40.941237
119.276098 41.104954
119.666313 41.258720
120.061226 41.402536
120.460836 41.536400
126.490209 43.469732
126.893099 43.594534
127.297853 43.711163
127.704471 43.819619
128.112954 43.919902
128.523300 44.012013
128.935510 44.095950
129.349584 44.171714
129.765522 44.239305
130.183324 44.298723
130.602990 44.349968
136.911960 45.057347
137.329938 45.091713
137.742676 45.100493
138.150175 45.083687
138.552434 45.041296
138.949453 44.973319
139.341232 44.879757
139.727772 44.760609
140.109072 44.615875
140.485132 44.445555
140.855953 44.249650
146.378962 41.119179
146.749851 40.925181
147.126115 40.760583
147.507754 40.625386
147.894770 40.519589
148.287161 40.443193
148.684927 40.396197
149.088069 40.378601
149.496587 40.390406
149.910480 40.431611
150.329749 40.502216
156.659102 41.781801
157.078590 41.852060
157.493143 41.892225
157.902759 41.902296
158.307440 41.882274
158.707184 41.832157
159.101992 41.751947
159.491864 41.641643
159.876800 41.501245
160.256799 41.330754
160.631863 41.130169
166.220794 37.895685
166.594911 37.696846
166.972069 37.531594
167.352271 37.399928
167.735515 37.301849
168.121801 37.237357
168.511129 37.206451
168.903500 37.209132
169.298913 37.245399
169.697368 37.315253
170.098866 37.418694
176.144152 39.222204
176.548033 39.335613
176.953638 39.435372
177.360967 39.521481
177.770019 39.593940
178.180795 39.652749
178.593295 39.697908
179.007519 39.729416
179.423466 39.747275
179.841138 39.751484
180.260533 39.742042
186.564389 39.498047
186.984035 39.489677
187.402458 39.497101
187.819659 39.520317
188.235638 39.559328
188.650395 39.614131
189.063929 39.684728
189.476241 39.771118
189.887331 39.873302
190.297198 39.991279
190.705843 40.125049
196.826350 42.250050
197.227449 42.401517
197.614678 42.572583
197.988038 42.763250
198.347529 42.973516
198.693150 43.203381
199.024902 43.452847
199.342785 43.721912
199.646797 44.010578
199.936941 44.318843
200.213215 44.646707
204.253304 49.711677
204.510694 50.053136
204.744186 50.402184
204.953780 50.758821
205.139475 51.123047
205.301273 51.494861
205.439172 51.874265
205.553173 52.261257
205.643276 52.655839
205.709480 53.058009
205.751787 53.467768
206.207147 59.671073
206.228663 60.083346
206.232497 60.493057
206.218648 60.900207
206.187117 61.304795
206.137903 61.706821
206.071007 62.106286
205.986429 62.503189
205.884168 62.897531
205.764224 63.289311
205.626598 63.678529
203.429590 69.497593
203.291575 69.886790
203.170466 70.278508
203.066262 70.672747
202.978963 71.069505
202.908570 71.468784
202.855082 71.870583
202.818499 72.274902
202.798821 72.681742
202.796049 73.091102
202.810182 73.502982
203.148964 79.700087
203.179762 80.111029
203.226985 80.517574
203.290632 80.919722
203.370705 81.317474
203.467202 81.710829
203.580123 82.099787
203.709470 82.484348
203.855241 82.864513
204.017437 83.240281
204.196058 83.611652
206.998554 89.149241
207.184027 89.520895
207.366779 89.897511
207.546811 90.279090
207.724122 90.665631
207.898712 91.057134
208.070582 91.453600
208.239732 91.855029
208.406161 92.261420
208.569869 92.672773
208.730857 93.089089
211.125271 99.371043
211.269028 99.789875
211.381046 100.208777
211.461325 100.627750
211.509864 101.046794
211.526664 101.465908
211.511724 101.885092
211.465044 102.304346
211.386625 102.723671
211.276466 103.143067
211.134568 103.562532
208.768046 109.855047
208.629713 110.271142
208.530250 110.680424
208.469657 111.082894
208.447934 111.478551
208.465081 111.867395
208.521098 112.249428
208.615985 112.624647
208.749743 112.993054
208.922370 113.354649
209.133867 113.709431
212.597852 118.980069
212.831413 119.329402
213.070230 119.674650
213.314303 120.015813
213.563633 120.352890
213.818220 120.685881
214.078063 121.014788
214.343163 121.339609
214.613519 121.660344
214.889132 121.976994
215.170001 122.289559
219.422462 126.947390
219.684920 127.261297
219.905299 127.581977
220.083600 127.909427
220.219821 128.243649
220.313963 128.584643
220.366027 128.932408
220.376011 129.286944
220.343917 129.648252
220.269743 130.016331
220.153491 130.391182
218.094115 136.064729
217.953670 136.441501
217.806917 136.815344
217.653857 137.186258
217.494489 137.554244
217.328814 137.919301
217.156831 138.281430
216.978541 138.640629
216.793944 138.996900
216.603039 139.350242
216.405827 139.700655
213.400338 144.934888
213.209244 145.287408
213.036691 145.647071
212.882681 146.013875
212.747214 146.387823
212.630289 146.768912
212.531906 147.157144
212.452066 147.552518
212.390768 147.955035
212.348012 148.364694
212.323799 148.781495
212.099670 155.087083
212.072730 155.503167
212.021795 155.910675
211.946864 156.309607
211.847937 156.699962
211.725015 157.081741
211.578098 157.454944
211.407185 157.819571
211.212276 158.175621
210.993371 158.523095
210.750472 158.861992
206.927006 163.881134
206.680050 164.218770
206.448978 164.562462
206.233788 164.912208
206.034483 165.268009
205.851060 165.629865
205.683521 165.997775
205.531866 166.371740
205.396094 166.751760
205.276205 167.137834
205.172200 167.529964
203.731245 173.457313
203.638511 173.852991
203.552437 174.249714
203.473022 174.647480
203.400267 175.046291
203.334171 175.446146
203.274734 175.847044
203.221958 176.248987
203.175840 176.651973
203.136382 177.056004
203.103584 177.461078
202.661554 183.545026
202.631395 183.951179
202.599857 184.358443
202.566938 184.766820
202.532639 185.176308
202.496960 185.586909
202.459901 185.998621
202.421462 186.411445
202.381642 186.825381
202.340443 187.240429
202.297864 187.656590
201.648823 193.907331
201.616052 194.322429
201.604278 194.734293
201.613501 195.142921
201.643722 195.548313
201.694939 195.950471
201.767153 196.349393
201.860365 196.745080
201.974573 197.137532
202.109778 197.526748
202.265981 197.912729
204.766495 203.678182
204.906013 204.031410
204.991165 204.322366
205.021950 204.551049
204.998369 204.717461
204.920421 204.821601
204.788107 204.863469
204.601427 204.843065
204.360381 204.760389
204.064968 204.615441
203.715189 204.408221
198.060757 200.832884
197.691849 200.586932
197.339052 200.325788
197.002364 200.049452
196.681786 199.757924
196.377318 199.451204
196.088959 199.129291
195.816710 198.792186
195.560571 198.439889
195.320542 198.072400
195.096622 197.689719
191.858650 191.835560
191.633736 191.455477
191.390723 191.095784
191.129611 190.756480
190.850399 190.437565
190.553089 190.139039
190.237680 189.860902
189.904172 189.603155
189.552564 189.365797
189.182858 189.148828
188.795053 188.952248
182.842232 186.156473
182.443400 185.977289
182.040615 185.812509
181.633875 185.662132
181.223182 185.526159
180.808535 185.404589
180.389934 185.297422
179.967379 185.204659
179.540870 185.126299
179.110407 185.062342
178.675990 185.012789
172.130086 184.377513
171.694607 184.340850
171.260958 184.315566
170.829138 184.301660
170.399147 184.299132
169.970986 184.307982
169.544654 184.328211
169.120151 184.359818
168.697478 184.402804
168.276634 184.457168
167.857620 184.522910
161.586125 185.594377
161.168136 185.658072
160.750366 185.706294
160.332817 185.739044
159.915487 185.756321
159.498378 185.758126
159.081489 185.744458
158.664820 185.715318
158.248370 185.670705
157.832142 185.610620
157.416133 185.535063
151.177650 184.285653
150.761153 184.208326
150.343460 184.142932
149.924572 184.089471
149.504487 184.047944
149.083206 184.018350
148.660730 184.000689
148.237057 183.994962
147.812188 184.001167
147.386124 184.019306
146.958863 184.049379
140.540986 184.589965
140.114717 184.615912
139.691627 184.621674
139.271716 184.607252
138.854985 184.572644
138.441432 184.517853
138.031059 184.442876
137.623864 184.347715
137.219849 184.232370
136.819012 184.096839
136.421355 183.941124
130.480339 181.454016
130.083122 181.295960
129.683608 181.153408
129.281797 181.026358
128.877689 180.914812
128.471283 180.818769
128.062579 180.738230
127.651578 180.673193
127.238280 180.623660
126.822684 180.589630
126.404791 180.571103
120.119165 180.409473
119.700153 180.400471
119.281200 180.395014
118.862305 180.393102
118.443469 180.394736
118.024693 180.399916
117.605975 180.408641
117.187315 180.420912
116.768715 180.436729
116.350174 180.456091
115.931691 180.478998
109.654895 180.849202
109.235752 180.867509
108.815228 180.873071
108.393323 180.865886
107.970038 180.845955
107.545371 180.813278
107.119324 180.767854
106.691897 180.709685
106.263088 180.638770
105.832899 180.555108
105.401330 180.458701
98.917428 178.916993
98.486753 178.828965
98.059249 178.770442
97.634915 178.741424
97.213751 178.741911
96.795758 178.771903
96.380935 178.831400
95.969282 178.920402
95.560800 179.038909
95.155489 179.186921
94.753348 179.364437
88.745008 182.248480
88.344648 182.443122
87.944679 182.642508
87.545102 182.846640
87.145917 183.055516
86.747123 183.269137
86.348720 183.487503
85.950709 183.710613
85.553090 183.938469
85.155862 184.171069
84.759026 184.408414
78.809419 188.004174
78.424184 188.253492
78.061762 188.522011
77.722151 188.809731
77.405352 189.116652
77.111365 189.442774
76.840190 189.788096
76.591826 190.152620
76.366275 190.536345
76.163535 190.939271
75.983607 191.361398
73.455779 197.837307
73.274924 198.254771
73.069403 198.643709
72.839217 199.004121
72.584365 199.336007
72.304847 199.639367
72.000663 199.914201
71.671814 200.160508
71.318299 200.378290
70.940118 200.567545
70.537271 200.728275
64.309578 202.925269
63.893490 203.068297
63.475585 203.204447
63.055863 203.333721
62.634325 203.456118
62.210970 203.571637
61.785798 203.680280
61.358810 203.782046
60.930005 203.876934
60.499383 203.964946
60.066944 204.046080
53.566736 205.211520
53.135786 205.274078
52.709630 205.306359
52.288267 205.308363
51.871699 205.280091
51.459925 205.221542
51.052945 205.132716
50.650758 205.013614
50.253366 204.864235
49.860768 204.684579
49.472963 204.474647
43.691854 201.098586
43.314433 200.865517
42.952983 200.616450
42.607506 200.351385
42.278000 200.070323
41.964466 199.773264
41.666904 199.460206
41.385314 199.131152
41.119696 198.786100
40.870050 198.425050
40.636376 198.048003
37.251051 192.272313
37.021976 191.889794
36.786126 191.512330
36.543502 191.139919
36.294103 190.772563
36.037931 190.410261
35.774983 190.053013
35.505262 189.700819
35.228766 189.353680
34.945496 189.011595
34.655451 188.674563
30.253976 183.657004
29.970108 183.317571
29.705366 182.968281
29.459751 182.609133
29.233263 182.240128
29.025902 181.861265
28.837667 181.472545
28.668559 181.073967
28.518577 180.665532
28.387722 180.247239
28.275994 179.819088
26.743524 173.322903
26.646389 172.887863
26.559313 172.448899
26.482298 172.006013
26.415342 171.559204
26.358445 171.108472
26.311609 170.653818
26.274831 170.195240
26.248114 169.732740
26.231456 169.266316
26.224858 168.795970
26.201330 161.711357
26.185928 161.243582
26.142861 160.784872
26.072126 160.335226
25.973726 159.894645
25.847659 159.463129
25.693926 159.040678
25.512527 158.627291
25.303461 158.222970
25.066729 157.827713
24.802331 157.441521
20.628861 151.716624
20.370903 151.332486
20.153495 150.943393
19.976635 150.549344
19.840323 150.150340
19.744560 149.746379
19.689346 149.337464
19.674680 148.923592
19.700562 148.504765
19.766994 148.080982
19.873973 147.652244
21.782781 141.184000
21.911547 140.753288
22.043335 140.323587
22.178147 139.894895
22.315982 139.467214
22.456840 139.040543
22.600722 138.614881
22.747626 138.190229
22.897554 137.766588
23.050505 137.343956
23.206479 136.922335
25.568764 130.605584
25.718846 130.184112
25.854122 129.761929
25.974591 129.339037
26.080254 128.915433
26.171110 128.491120
26.247159 128.066096
26.308402 127.640362
26.354839 127.213917
26.386469 126.786762
26.403292 126.358896
26.544592 119.935584
26.566893 119.512029
26.614956 119.097808
26.688780 118.692919
26.788367 118.297364
26.913715 117.911141
27.064825 117.534252
27.241697 117.166695
27.444331 116.808471
27.672726 116.459580
27.926884 116.120022
31.932459 111.096650
32.199669 110.762022
32.467220 110.427924
32.735113 110.094353
33.003349 109.761311
33.271926 109.428798
33.540846 109.096813
33.810107 108.765356
34.079710 108.434428
34.349656 108.104028
34.619943 107.774157
38.676820 102.830051
38.935114 102.495649
39.169079 102.151658
39.378715 101.798078
39.564023 101.434908
39.725001 101.062150
39.861651 100.679801
39.973972 100.287864
40.061965 99.886337
40.125628 99.475221
40.164963 99.054515
40.572516 92.672013
40.611896 92.251097
40.675698 91.839349
40.763922 91.436769
40.876566 91.043357
41.013632 90.659113
41.175119 90.284036
41.361027 89.918128
41.571357 89.561388
41.806108 89.213816
42.065280 88.875411
46.136019 83.868106
46.394438 83.529475
46.626930 83.181221
46.833494 82.823345
47.014130 82.455846
47.168839 82.078725
47.297621 81.691981
47.400475 81.295616
47.477401 80.889627
47.528400 80.474017
47.553472 80.048784
47.735089 73.598122
47.743592 73.168345
47.744885 72.739102
47.738968 72.310393
47.725841 71.882217
47.705505 71.454576
47.677958 71.027469
47.643202 70.600896
47.601236 70.174857
47.552060 69.749352
47.495674 69.324381
46.595814 62.953819
46.549031 62.531490
46.528663 62.113910
46.534712 61.701079
46.567176 61.292997
46.626055 60.889664
46.711351 60.491081
46.823062 60.097247
46.961188 59.708162
47.125730 59.323826
47.316688 58.944239
50.379172 53.286060
50.595039 52.928982
50.834310 52.612171
51.096984 52.335628
51.383061 52.099352
51.692541 51.903344
52.025425 51.747603
52.381712 51.632130
52.761403 51.556924
53.164497 51.521986
