53.425985 51.889587
59.503942 53.358349
59.907798 53.442623
60.308970 53.499609
60.707460 53.529307
61.103266 53.531717
61.496389 53.506839
61.886830 53.454673
62.274587 53.375220
62.659661 53.268479
63.042052 53.134450
63.421760 52.973133
69.097259 50.348722
69.476194 50.188491
69.856265 50.057719
70.237474 49.956406
70.619818 49.884551
71.003300 49.842156
71.387918 49.829220
71.773673 49.845743
72.160564 49.891724
72.548592 49.967165
72.937756 50.072065
78.783750 51.866503
79.173853 51.975543
79.564695 52.063406
79.956277 52.130091
80.348599 52.175599
80.741660 52.199929
81.135461 52.203081
81.530002 52.185056
81.925282 52.145853
82.321302 52.085472
82.718062 52.003914
88.675004 50.621711
89.071679 50.537528
89.467445 50.469274
89.862302 50.416947
90.256249 50.380549
90.649288 50.360079
91.041418 50.355537
91.432638 50.366923
91.822950 50.394238
92.212352 50.437480
92.600845 50.496651
98.421426 51.503675
98.809084 51.572542
99.195980 51.644874
99.582115 51.720671
99.967488 51.799932
100.352100 51.882658
100.735950 51.968849
101.119038 52.058505
101.501365 52.151625
101.882930 52.248210
102.263734 52.348259
107.970078 53.874987
108.350253 53.977567
108.729934 54.081745
109.109121 54.187520
109.487813 54.294892
109.866010 54.403861
110.243713 54.514428
110.620922 54.626591
110.997635 54.740352
111.373855 54.855710
111.749579 54.972666
117.381740 56.738974
117.756925 56.857589
118.131526 56.977926
118.505543 57.099987
118.878976 57.223769
119.251824 57.349274
119.624088 57.476502
119.995768 57.605452
120.366863 57.736124
120.737375 57.868519
121.107302 58.002637
126.651825 60.027319
127.020397 60.167836
127.386840 60.319432
127.751157 60.482105
128.113345 60.655855
128.473407 60.840683
128.831341 61.036589
129.187147 61.243573
129.540826 61.461634
129.892377 61.690773
130.241801 61.930990
135.467206 65.617320
135.819463 65.851031
136.179513 66.060652
136.547357 66.246185
136.922994 66.407627
137.306425 66.544981
137.697649 66.658245
138.096666 66.747420
138.503477 66.812506
138.918082 66.853502
139.340479 66.870409
145.734896 66.943346
146.159810 66.942981
146.581963 66.932163
147.001354 66.910891
147.417984 66.879166
147.831854 66.836986
148.242962 66.784353
148.651309 66.721267
149.056894 66.647726
149.459719 66.563732
149.859782 66.469285
155.840025 64.974166
156.239313 64.880079
156.639810 64.797166
157.041516 64.725427
157.444431 64.664863
157.848556 64.615473
158.253891 64.577257
158.660435 64.550216
159.068188 64.534349
159.477150 64.529657
159.887322 64.536139
166.048970 64.717176
166.458920 64.723422
166.867217 64.718024
167.273861 64.700981
167.678852 64.672293
168.082190 64.631960
168.483875 64.579982
168.883906 64.516359
169.282285 64.441091
169.679010 64.354179
170.074083 64.255621
175.987773 62.689921
176.382678 62.589851
176.778900 62.498401
177.176441 62.415571
177.575299 62.341362
177.975476 62.275772
178.376970 62.218803
178.779782 62.170454
179.183911 62.130725
179.589359 62.099616
179.996125 62.077128
186.107490 61.804448
186.515780 61.783266
186.925802 61.756074
187.337555 61.722873
187.751040 61.683664
188.166257 61.638447
188.583205 61.587220
189.001884 61.529985
189.422295 61.466741
189.844438 61.397488
190.268312 61.322227
196.639412 60.148240
197.056589 60.057174
197.458639 59.940506
197.845563 59.798238
198.217361 59.630368
198.574032 59.436898
198.915576 59.217826
199.241994 58.973154
199.553286 58.702880
199.849451 58.407005
200.130490 58.085529
204.232622 53.071382
204.497797 52.774587
204.746368 52.552754
204.978336 52.405883
205.193702 52.333974
205.392465 52.337027
205.574625 52.415043
205.740182 52.568021
205.889136 52.795961
206.021488 53.098863
206.137237 53.476727
207.748947 59.706909
207.852366 60.122896
207.947729 60.540166
208.035036 60.958719
208.114286 61.378555
208.185481 61.799674
208.248619 62.222076
208.303700 62.645760
208.350726 63.070728
208.389695 63.496979
208.420608 63.924513
208.823881 70.347141
208.838150 70.772281
208.827184 71.191352
208.790985 71.604354
208.729552 72.011287
208.642886 72.412150
208.530986 72.806943
208.393852 73.195668
208.231485 73.578323
208.043885 73.954909
207.831050 74.325425
204.449284 79.837651
204.229234 80.207500
204.019987 80.582084
203.821543 80.961403
203.633902 81.345456
203.457064 81.734244
203.291028 82.127767
203.135796 82.526024
202.991366 82.929016
202.857739 83.336743
202.734915 83.749204
200.973574 89.971636
200.851123 90.383171
200.718617 90.788118
200.576054 91.186476
200.423436 91.578247
200.260762 91.963429
200.088033 92.342024
199.905247 92.714030
199.712406 93.079448
199.509509 93.438278
199.296556 93.790521
196.026843 99.024742
195.808674 99.373572
195.590131 99.722164
195.371213 100.070520
195.151920 100.418638
194.932252 100.766520
194.712209 101.114164
194.491791 101.461571
194.270998 101.808742
194.049830 102.155675
193.828287 102.502371
190.502334 107.701038
190.279582 108.047577
190.054786 108.394038
189.827946 108.740421
189.599063 109.086727
189.368135 109.432955
189.135164 109.779105
188.900149 110.125177
188.663090 110.471172
188.423987 110.817089
188.182840 111.162928
184.550310 116.349933
184.316908 116.699285
184.101041 117.055742
183.902708 117.419302
183.721909 117.789968
183.558645 118.167737
183.412914 118.552611
183.284718 118.944588
183.174057 119.343670
183.080929 119.749857
183.005336 120.163147
182.002944 126.415787
181.954160 126.827884
181.941458 127.230492
181.964840 127.623610
182.024305 128.007237
182.119853 128.381374
182.251484 128.746022
182.419199 129.101179
182.622996 129.446846
182.862877 129.783024
183.138841 130.109711
187.548923 134.938844
187.828075 135.266488
188.077519 135.605535
188.297256 135.955986
188.487286 136.317841
188.647608 136.691099
188.778222 137.075761
188.879130 137.471826
188.950329 137.879295
188.991822 138.298167
189.003607 138.728443
188.957576 145.268109
188.966238 145.699285
188.998364 146.120858
189.053953 146.532828
189.133005 146.935194
189.235519 147.327958
189.361497 147.711118
189.510938 148.084674
189.683841 148.448628
189.880208 148.802979
190.100038 149.147726
193.573456 154.246910
193.798996 154.589660
194.012492 154.938017
194.213946 155.291982
194.403357 155.651554
194.580725 156.016734
194.746050 156.387521
194.899333 156.763917
195.040572 157.145919
195.169768 157.533530
195.286922 157.926748
196.953902 163.867076
197.063479 164.263395
197.169946 164.660308
197.273304 165.057817
197.373553 165.455919
197.470691 165.854617
197.564720 166.253909
197.655640 166.653795
197.743450 167.054276
197.828150 167.455352
197.909741 167.857022
199.110279 173.886533
199.186283 174.288895
199.254220 174.692046
199.314092 175.095986
199.365898 175.500715
199.409638 175.906233
199.445313 176.312539
199.472923 176.719635
199.492466 177.127520
199.503944 177.536194
199.507357 177.945657
199.498049 184.093520
199.504487 184.502052
199.525041 184.907934
199.559712 185.311167
199.608500 185.711749
199.671404 186.109681
199.748424 186.504963
199.839561 186.897595
199.944815 187.287577
200.064185 187.674909
200.197672 188.059591
202.305845 193.809942
202.444546 194.193878
202.579558 194.578970
202.710881 194.965221
202.838515 195.352629
202.962460 195.741194
203.082717 196.130916
203.199285 196.521796
203.312164 196.913834
203.421354 197.307028
203.526856 197.701381
205.081714 203.625345
205.159119 203.995541
205.184019 204.316265
205.156414 204.587518
205.076304 204.809300
204.943689 204.981610
204.758569 205.104450
204.520944 205.177818
204.230814 205.201715
203.888180 205.176141
203.493040 205.101095
197.172162 203.604382
196.757596 203.493282
196.356683 203.359545
195.969422 203.203170
195.595814 203.024157
195.235858 202.822507
194.889555 202.598220
194.556905 202.351295
194.237906 202.081732
193.932561 201.789532
193.640867 201.474694
189.367862 196.582344
189.076275 196.269326
188.771248 195.982584
188.452782 195.722118
188.120876 195.487928
187.775530 195.280015
187.416744 195.098378
187.044518 194.943018
186.658853 194.813934
186.259748 194.711126
185.847203 194.634594
179.558231 193.683693
179.142674 193.611150
178.734533 193.520309
178.333807 193.411170
177.940497 193.283732
177.554603 193.137996
177.176124 192.973962
176.805061 192.791629
176.441413 192.590997
176.085181 192.372068
175.736365 192.134840
170.559736 188.439181
170.214835 188.191237
169.870350 187.940160
169.526279 187.685950
169.182624 187.428607
168.839385 187.168131
168.496560 186.904522
168.154151 186.637780
167.812158 186.367904
167.470579 186.094896
167.129416 185.818754
162.015085 181.653135
161.669202 181.388597
161.313464 181.150398
160.947870 180.938539
160.572421 180.753019
160.187117 180.593839
159.791958 180.460998
159.386943 180.354496
158.972073 180.274334
158.547348 180.220512
158.112767 180.193028
151.520145 179.978327
151.081787 179.964157
150.645730 179.950272
150.211975 179.936674
149.780520 179.923361
149.351366 179.910335
148.924513 179.897595
148.499961 179.885140
148.077710 179.872972
147.657760 179.861089
147.240111 179.849493
140.992634 179.677691
140.576140 179.666088
140.159655 179.654186
139.743180 179.641986
139.326714 179.629487
138.910257 179.616689
138.493810 179.603592
138.077372 179.590197
137.660943 179.576503
137.244523 179.562510
136.828113 179.548219
130.582028 179.331605
130.163539 179.319487
129.740882 179.312014
129.314057 179.309188
128.883065 179.311006
128.447906 179.317471
128.008579 179.328581
127.565084 179.344337
127.117422 179.364738
126.665592 179.389785
126.209595 179.419478
119.338381 179.899712
118.882228 179.939463
118.429931 179.994686
117.981491 180.065379
117.536907 180.151544
117.096179 180.253180
116.659307 180.370288
116.226292 180.502866
115.797133 180.650916
115.371830 180.814438
114.950383 180.993430
108.657605 183.794351
108.237510 183.964906
107.816260 184.103116
107.393855 184.208981
106.970296 184.282501
106.545583 184.323676
106.119716 184.332505
105.692694 184.308990
105.264518 184.253129
104.835187 184.164923
104.404702 184.044372
97.938770 181.993514
97.507685 181.856862
97.076555 181.720354
96.645379 181.583990
96.214158 181.447771
95.782891 181.311695
95.351579 181.175764
94.920222 181.039976
94.488819 180.904333
94.057371 180.768834
93.625877 180.633479
87.153130 178.604233
86.727381 178.493306
86.313167 178.431092
85.910489 178.417591
85.519346 178.452802
85.139737 178.536727
84.771665 178.669364
84.415127 178.850714
84.070124 179.080776
83.736657 179.359552
83.414725 179.687040
78.672258 184.964708
78.348472 185.302190
78.009443 185.610947
77.655171 185.890979
77.285655 186.142286
76.900896 186.364867
76.500895 186.558724
76.085650 186.723855
75.655161 186.860262
75.209430 186.967943
74.748456 187.046899
67.719515 188.015803
67.260792 188.094767
66.821814 188.202474
66.402580 188.338923
66.003092 188.504114
65.623349 188.698047
65.263351 188.920722
64.923099 189.172139
64.602591 189.452299
64.301828 189.761200
64.020811 190.098844
59.953638 195.379064
59.681654 195.730399
59.407994 196.080377
59.132656 196.428996
58.855641 196.776258
58.576949 197.122162
58.296580 197.466707
58.014533 197.809895
57.730809 198.151724
57.445409 198.492196
57.158331 198.831309
52.839583 203.907827
52.577437 204.211791
52.366835 204.446813
52.207775 204.612893
52.100258 204.710031
52.044284 204.738228
52.039852 204.697483
52.086963 204.587796
52.185616 204.409167
52.335813 204.161597
52.537552 203.845085
55.950207 198.580338
56.177172 198.229014
56.403049 197.877007
56.627837 197.524318
56.851535 197.170947
57.074145 196.816893
57.295665 196.462156
57.516096 196.106738
57.735439 195.750636
57.953692 195.393853
58.170856 195.036387
61.420150 189.669278
61.627199 189.308329
61.815107 188.941095
61.983874 188.567578
62.133501 188.187776
62.263986 187.801691
62.375331 187.409321
62.467535 187.010667
62.540598 186.605729
62.594520 186.194507
62.629301 185.777001
63.007462 179.467278
63.037756 179.047569
63.078214 178.629741
63.128839 178.213791
63.189628 177.799721
63.260584 177.387531
63.341704 176.977220
63.432990 176.568789
63.534441 176.162237
63.646058 175.757565
63.767840 175.354772
65.670814 169.326978
65.808529 168.930989
65.967943 168.546726
66.149057 168.174189
66.351871 167.813380
66.576384 167.464297
66.822597 167.126940
67.090510 166.801310
67.380122 166.487407
67.691434 166.185231
68.024446 165.894781
73.182368 161.625983
73.512740 161.333618
73.816131 161.025694
74.092542 160.702213
74.341974 160.363174
74.564425 160.008578
74.759897 159.638423
74.928388 159.252710
75.069900 158.851440
75.184431 158.434612
75.271982 158.002226
76.382903 151.399753
76.459512 150.961368
76.541218 150.526545
76.628020 150.095283
76.719918 149.667582
76.816912 149.243442
76.919002 148.822863
77.026188 148.405845
77.138470 147.992388
77.255849 147.582492
77.378324 147.176157
79.253665 141.107844
79.372188 140.702348
79.477711 140.294966
79.570234 139.885700
79.649757 139.474548
79.716280 139.061512
79.769803 138.646591
79.810327 138.229785
79.837850 137.811095
79.852373 137.390519
79.853897 136.968059
79.779248 130.617015
79.768873 130.192989
79.747699 129.767719
79.715727 129.341203
79.672957 128.913442
79.619389 128.484436
79.555023 128.054185
79.479859 127.622689
79.393897 127.189947
79.297136 126.755961
79.189578 126.320729
77.495214 119.782917
77.396042 119.347865
77.324441 118.914418
77.280412 118.482575
77.263953 118.052337
77.275066 117.623703
77.313750 117.196674
77.380005 116.771250
77.473831 116.347430
77.595229 115.925214
77.744198 115.504603
80.185513 109.207474
80.328403 108.790177
80.431565 108.377905
80.494999 107.970657
80.518705 107.568433
80.502683 107.171233
80.446933 106.779057
80.351454 106.391905
80.216248 106.009778
80.041313 105.632674
79.826650 105.260595
76.308747 99.717089
76.082549 99.344380
75.873007 98.965389
75.680123 98.580116
75.503895 98.188559
75.344324 97.790720
75.201410 97.386598
75.075152 96.976194
74.965552 96.559507
74.872608 96.136537
74.796321 95.707285
73.776946 89.221378
73.710830 88.788206
73.648399 88.353474
73.589653 87.917185
73.534592 87.479338
73.483216 87.039932
73.435524 86.598968
73.391518 86.156445
73.351196 85.712365
73.314559 85.266726
73.281607 84.819529
72.814966 78.099886
72.770210 77.657785
72.698160 77.227436
72.598816 76.808837
72.472179 76.401990
72.318248 76.006895
72.137023 75.623550
71.928505 75.251957
71.692693 74.892115
71.429588 74.544024
71.139189 74.207684
66.578499 69.250723
66.272425 68.923595
65.962296 68.603140
65.648112 68.289358
65.329872 67.982249
65.007577 67.681812
64.681227 67.388048
64.350822 67.100958
64.016361 66.820539
63.677845 66.546794
63.335273 66.279722
58.166287 62.323680
57.828831 62.053920
57.505662 61.772115
57.196780 61.478263
56.902185 61.172364
56.621876 60.854419
56.355854 60.524428
56.104119 60.182390
55.866670 59.828306
55.643508 59.462176
55.434633 59.083999
52.408658 53.321000
52.237273 52.960906
52.126581 52.649023
52.076581 52.385353
52.087275 52.169894
52.158661 52.002647
52.290740 51.883611
52.483512 51.812788
52.736977 51.790176
53.051135 51.815776
