53.657032 51.626455
60.428128 52.305820
60.875141 52.335275
61.313365 52.333060
61.742801 52.299173
62.163449 52.233615
62.575309 52.136386
62.978380 52.007487
63.372664 51.846916
63.758159 51.654674
64.134866 51.430761
64.502786 51.175177
69.955660 47.103882
70.323468 46.845400
70.699842 46.612792
71.084782 46.406058
71.478287 46.225199
71.880358 46.070214
72.290996 45.941104
72.710199 45.837868
73.137968 45.760506
73.574302 45.709019
74.019203 45.683407
80.756956 45.493275
81.201401 45.495046
81.636370 45.525709
82.061862 45.585265
82.477877 45.673714
82.884416 45.791055
83.281479 45.937289
83.669065 46.112415
84.047175 46.316434
84.415807 46.549346
84.774964 46.811150
90.091236 50.954905
90.445895 51.204694
90.801035 51.401558
91.156656 51.545498
91.512759 51.636514
91.869344 51.674606
92.226409 51.659774
92.583956 51.592018
92.941984 51.471337
93.300494 51.297733
93.659485 51.071205
99.047958 47.276346
99.401479 47.017769
99.743576 46.748018
100.074250 46.467093
100.393502 46.174995
100.701330 45.871724
100.997736 45.557278
101.282719 45.231660
101.556279 44.894867
101.818416 44.546901
102.069130 44.187762
105.744170 38.716868
105.998909 38.374206
106.273124 38.075672
106.566812 37.821268
106.879975 37.610992
107.212612 37.444844
107.564724 37.322826
107.936310 37.244935
108.327370 37.211174
108.737905 37.221541
109.167914 37.276037
115.764107 38.424439
116.202940 38.489825
116.639948 38.532862
117.075129 38.553551
117.508484 38.551891
117.940013 38.527882
118.369717 38.481525
118.797594 38.412819
119.223646 38.321764
119.647871 38.208361
120.070271 38.072609
126.392568 35.868714
126.813237 35.733473
127.232271 35.621603
127.649669 35.533103
128.065433 35.467974
128.479562 35.426215
128.892056 35.407827
129.302915 35.412810
129.712139 35.441163
130.119728 35.492887
130.525681 35.567981
136.602725 36.869676
137.007774 36.956845
137.412648 37.044794
137.817347 37.133523
138.221871 37.223031
138.626221 37.313319
139.030395 37.404386
139.434395 37.496233
139.838219 37.588860
140.241869 37.682266
140.645344 37.776452
146.696158 39.195086
147.098297 39.275070
147.497938 39.325870
147.895082 39.347487
148.289729 39.339919
148.681878 39.303168
149.071530 39.237233
149.458684 39.142114
149.843340 39.017812
150.225500 38.864326
150.605162 38.681656
156.281358 35.722729
156.662187 35.535404
157.047849 35.367954
157.438344 35.220378
157.833671 35.092676
158.233831 34.984848
158.638824 34.896895
159.048649 34.828816
159.463307 34.780612
159.882797 34.752282
160.307120 34.743826
166.708211 34.766043
167.134262 34.769418
167.558937 34.776580
167.982236 34.787529
168.404159 34.802266
168.824706 34.820790
169.243877 34.843101
169.661672 34.869199
170.078091 34.899085
170.493133 34.932758
170.906799 34.970218
177.101475 35.560525
177.513090 35.605548
177.921979 35.661907
178.328142 35.729602
178.731578 35.808634
179.132288 35.899003
179.530272 36.000709
179.925529 36.113751
180.318060 36.238130
180.707865 36.373846
181.094943 36.520898
186.880672 38.811709
187.262739 38.970256
187.637509 39.140456
188.004982 39.322309
188.365159 39.515814
188.718040 39.720971
189.063623 39.937782
189.401910 40.166245
189.732901 40.406361
190.056594 40.658129
190.372991 40.921550
195.064221 44.960261
195.379277 45.226233
195.698945 45.485654
196.023227 45.738525
196.352122 45.984845
196.685631 46.224614
197.023752 46.457832
197.366487 46.684500
197.713835 46.904617
198.065797 47.118183
198.422372 47.325198
203.805593 50.381300
204.154128 50.596157
204.481970 50.833249
204.789119 51.092576
205.075576 51.374137
205.341340 51.677933
205.586411 52.003963
205.810789 52.352228
206.014474 52.722728
206.197466 53.115462
206.359766 53.530431
208.639063 59.921723
208.798869 60.343023
208.974381 60.754753
209.165599 61.156913
209.372523 61.549501
209.595153 61.932519
209.833489 62.305966
210.087531 62.669843
210.357279 63.024148
210.642733 63.368883
210.943893 63.704047
215.579087 68.659730
215.891072 68.986140
216.209003 69.304615
216.532879 69.615154
216.862700 69.917756
217.198466 70.212422
217.540177 70.499153
217.887834 70.777947
218.241436 71.048805
218.600982 71.311727
218.966474 71.566712
224.493444 75.331979
224.858579 75.586850
225.217055 75.849430
225.568873 76.119718
225.914031 76.397713
226.252530 76.683417
226.584370 76.976828
226.909551 77.277948
227.228073 77.586775
227.539936 77.903310
227.845140 78.227554
232.373260 83.149013
232.670523 83.481690
232.958562 83.823527
233.237377 84.174523
233.506969 84.534679
233.767337 84.903995
234.018482 85.282471
234.260402 85.670106
234.493099 86.066901
234.716573 86.472855
234.930823 86.887970
238.075392 93.183383
238.276299 93.605484
238.459742 94.032398
238.625721 94.464127
238.774237 94.900669
238.905290 95.342025
239.018880 95.788194
239.115006 96.239177
239.193668 96.694974
239.254868 97.155585
239.298604 97.621009
239.823668 104.638476
239.842852 105.102197
239.830393 105.557696
239.786293 106.004974
239.710551 106.444030
239.603168 106.874866
239.464142 107.297479
239.293475 107.711872
239.091166 108.118043
238.857215 108.515993
238.591622 108.905721
234.370421 114.689989
234.100838 115.080089
233.854917 115.479156
233.632659 115.887189
233.434062 116.304187
233.259127 116.730151
233.107855 117.165082
232.980244 117.608978
232.876295 118.061840
232.796008 118.523668
232.739383 118.994462
232.067472 126.123616
232.013086 126.595435
231.939516 127.060339
231.846763 127.518327
231.734826 127.969401
231.603705 128.413559
231.453401 128.850802
231.283912 129.281129
231.095240 129.704542
230.887385 130.121038
230.660345 130.530620
227.110876 136.622481
226.889655 137.031526
226.699253 137.446414
226.539670 137.867146
226.410907 138.293720
226.312963 138.726137
226.245838 139.164398
226.209533 139.608501
226.204048 140.058447
226.229381 140.514236
226.285534 140.975868
227.358977 147.944168
227.432697 148.406904
227.510731 148.866006
227.593080 149.321474
227.679743 149.773308
227.770720 150.221507
227.866011 150.666072
227.965617 151.107003
228.069537 151.544300
228.177771 151.977963
228.290320 152.407991
230.010904 158.831159
230.124266 159.259686
230.234940 159.688843
230.342927 160.118632
230.448225 160.549052
230.550836 160.980102
230.650760 161.411784
230.747995 161.844096
230.842543 162.277040
230.934404 162.710614
231.023576 163.144819
232.341007 169.662631
232.417123 170.096979
232.469811 170.530978
232.499072 170.964631
232.504906 171.397937
232.487313 171.830895
232.446293 172.263506
232.381845 172.695769
232.293971 173.127686
232.182670 173.559255
232.047941 173.990476
229.851311 180.456199
229.703068 180.886549
229.551224 181.315503
229.395779 181.743060
229.236733 182.169220
229.074086 182.593984
228.907837 183.017351
228.737987 183.439322
228.564536 183.859897
228.387484 184.279075
228.206831 184.696856
225.470020 190.953103
225.273706 191.355819
225.049672 191.729801
224.797919 192.075049
224.518445 192.391564
224.211252 192.679344
223.876339 192.938390
223.513706 193.168702
223.123353 193.370281
222.705281 193.543125
222.259489 193.687236
215.364706 195.633388
214.913103 195.775280
214.477600 195.941470
214.058197 196.131956
213.654892 196.346740
213.267688 196.585821
212.896582 196.849199
212.541577 197.136875
212.202670 197.448848
211.879863 197.785118
211.573156 198.145685
207.093289 203.736421
206.793002 204.077751
206.489455 204.356307
206.182650 204.572091
205.872585 204.725101
205.559261 204.815339
205.242678 204.842804
204.922836 204.807496
204.599735 204.709415
204.273375 204.548562
203.943755 204.324935
198.975022 200.499740
198.640151 200.252046
198.298038 200.018990
197.948682 199.800571
197.592083 199.596790
197.228241 199.407647
196.857156 199.233142
196.478828 199.073275
196.093258 198.928045
195.700444 198.797453
195.300388 198.681499
189.245219 197.051971
188.846258 196.934450
188.456733 196.799158
188.076641 196.646094
187.705985 196.475259
187.344763 196.286653
186.992976 196.080276
186.650624 195.856127
186.317706 195.614207
185.994223 195.354515
185.680174 195.077052
181.040209 190.781824
180.726077 190.504012
180.402343 190.243272
180.069006 189.999604
179.726067 189.773009
179.373525 189.563487
179.011382 189.371036
178.639635 189.195658
178.258287 189.037353
177.867336 188.896119
177.466783 188.771958
171.386469 187.037589
170.982092 186.918841
170.579668 186.793848
170.179199 186.662610
169.780684 186.525126
169.384123 186.381396
168.989515 186.231421
168.596862 186.075200
168.206163 185.912733
167.817418 185.744021
167.430626 185.569064
161.643413 182.897858
161.255675 182.729853
160.864090 182.581999
160.468659 182.454295
160.069380 182.346741
159.666255 182.259339
159.259283 182.192086
158.848463 182.144985
158.433797 182.118034
158.015284 182.111233
157.592924 182.124583
151.228671 182.475962
150.804771 182.492017
150.381636 182.493329
149.959267 182.479900
149.537663 182.451729
149.116826 182.408816
148.696754 182.351162
148.277448 182.278765
147.858907 182.191627
147.441132 182.089747
147.024124 181.973125
140.774733 180.113233
140.358555 180.002983
139.943274 179.920220
139.528888 179.864942
139.115399 179.837151
138.702806 179.836846
138.291109 179.864027
137.880308 179.918694
137.470403 180.000848
137.061395 180.110487
136.653283 180.247613
130.538321 182.510646
130.143916 182.676542
129.776031 182.872491
129.434664 183.098493
129.119817 183.354549
128.831489 183.640658
128.569680 183.956820
128.334389 184.303036
128.125619 184.679306
127.943367 185.085629
127.787634 185.522005
125.650536 192.293048
125.496352 192.736215
125.318749 193.162908
125.117726 193.573128
124.893282 193.966874
124.645419 194.344148
124.374136 194.704948
124.079432 195.049275
123.761309 195.377129
123.419765 195.688510
123.054802 195.983418
117.404698 200.283482
117.026839 200.567008
116.646608 200.844243
116.264004 201.115187
115.879029 201.379840
115.491682 201.638202
115.101963 201.890274
114.709873 202.136055
114.315410 202.375546
113.918575 202.608745
113.519369 202.835654
107.513485 206.192105
107.110428 206.408054
106.702041 206.608372
106.288325 206.793061
105.869279 206.962120
105.444904 207.115548
105.015199 207.253347
104.580165 207.375516
104.139801 207.482055
103.694107 207.572965
103.243084 207.648244
96.437767 208.660208
95.985151 208.725122
95.534678 208.784932
95.086347 208.839640
94.640160 208.889246
94.196116 208.933749
93.754215 208.973150
93.314457 209.007449
92.876843 209.036644
92.441371 209.060738
92.008042 209.079729
85.524184 209.326326
85.091948 209.343204
84.659754 209.360958
84.227602 209.379588
83.795493 209.399094
83.363426 209.419476
82.931401 209.440734
82.499418 209.462868
82.067477 209.485878
81.635579 209.509764
81.203723 209.534526
74.726197 209.912528
74.293981 209.935871
73.861003 209.955500
73.427264 209.971415
72.992764 209.983616
72.557502 209.992102
72.121478 209.996875
71.684692 209.997934
71.247145 209.995278
70.808837 209.988909
70.369767 209.978826
63.778002 209.799718
63.340162 209.780094
62.905544 209.745105
62.474148 209.694749
62.045975 209.629028
61.621023 209.547940
61.199294 209.451486
60.780787 209.339667
60.365502 209.212481
59.953439 209.069930
59.544598 208.912012
53.436149 206.428003
53.061036 206.253344
52.750156 206.060567
52.503510 205.849672
52.321097 205.620661
52.202917 205.373531
52.148970 205.108284
52.159257 204.824920
52.233778 204.523438
52.372531 204.203839
52.575518 203.866122
56.102072 198.664487
56.337037 198.317618
56.571726 197.970564
56.806137 197.623323
57.040272 197.275896
57.274130 196.928283
57.507711 196.580484
57.741016 196.232499
57.974043 195.884328
58.206794 195.535971
58.439268 195.187427
61.924300 189.957883
62.144129 189.604668
62.338944 189.242296
62.508745 188.870768
62.653533 188.490083
62.773306 188.100241
62.868066 187.701242
62.937813 187.293087
62.982545 186.875774
63.002264 186.449305
62.996970 186.013679
62.729946 179.410613
62.725264 178.974097
62.746821 178.544958
62.794616 178.123196
62.868651 177.708812
62.968925 177.301804
63.095437 176.902173
63.248188 176.509920
63.427179 176.125043
63.632408 175.747544
63.863876 175.377422
67.532690 169.880914
67.781672 169.517633
68.039446 169.160658
68.306011 168.809987
68.581366 168.465622
68.865512 168.127562
69.158449 167.795808
69.460177 167.470359
69.770695 167.151215
70.090005 166.838377
70.418105 166.531844
75.405537 161.981139
75.723281 161.670500
76.011522 161.345346
76.270259 161.005675
76.499493 160.651488
76.699224 160.282786
76.869451 159.899567
77.010176 159.501832
77.121397 159.089580
77.203114 158.662813
77.255329 158.221530
77.817270 151.493408
77.862164 151.047435
77.921923 150.606600
77.996545 150.170903
78.086032 149.740343
78.190382 149.314921
78.309596 148.894637
78.443674 148.479490
78.592616 148.069480
78.756422 147.664609
78.935092 147.264875
81.726617 141.307397
81.899876 140.908447
82.047452 140.505927
82.169344 140.099838
82.265552 139.690178
82.336076 139.276949
82.380916 138.860150
82.400073 138.439782
82.393545 138.015843
82.361334 137.588335
82.303438 137.157257
81.242379 130.664314
81.170208 130.231935
81.095172 129.800522
81.017269 129.370076
80.936500 128.940597
80.852865 128.512085
80.766364 128.084539
80.676997 127.657961
80.584764 127.232349
80.489664 126.807703
80.391699 126.384025
78.900719 120.036100
78.806977 119.612341
78.724547 119.187451
78.653430 118.761431
78.593626 118.334281
78.545135 117.906001
78.507957 117.476591
78.482091 117.046051
78.467538 116.614382
78.464297 116.181582
78.472370 115.747652
78.678302 109.230233
78.680291 108.798682
78.658802 108.373019
78.613833 107.953243
78.545385 107.539355
78.453458 107.131355
78.338052 106.729243
78.199166 106.333018
78.036802 105.942681
77.850959 105.558231
77.641636 105.179669
74.325706 99.545398
74.099602 99.173870
73.863414 98.810520
73.617141 98.455349
73.360785 98.108357
73.094344 97.769545
72.817819 97.438911
72.531210 97.116456
72.234517 96.802180
71.927739 96.496082
71.610878 96.198164
66.782322 91.790733
66.467376 91.492865
66.166347 91.186917
65.879235 90.872890
65.606039 90.550785
65.346760 90.220600
65.101397 89.882335
64.869951 89.535992
64.652421 89.181569
64.448808 88.819068
64.259112 88.448487
61.518038 82.829180
61.334476 82.454984
61.149267 82.081637
60.962412 81.709139
60.773910 81.337491
60.583761 80.966691
60.391965 80.596741
60.198523 80.227640
60.003433 79.859388
59.806697 79.491985
59.608314 79.125431
56.620219 73.633493
56.434722 73.263616
56.276645 72.886245
56.145987 72.501380
56.042749 72.109020
55.966931 71.709166
55.918532 71.301817
55.897552 70.886973
55.903992 70.464636
55.937852 70.034803
55.999131 69.597477
57.123961 62.981367
57.183003 62.543595
57.210150 62.112426
57.205402 61.687861
57.168760 61.269899
57.100224 60.858540
56.999793 60.453785
56.867467 60.055633
56.703247 59.664085
56.507133 59.279140
56.279124 58.900798
52.619781 53.275199
52.410593 52.921176
52.270941 52.609186
52.200826 52.339229
52.200246 52.111305
52.269203 51.925414
52.407697 51.781556
52.615726 51.679731
52.893292 51.619939
53.240394 51.602180
