53.601521 51.144609
60.206082 50.378436
60.644479 50.320591
61.079061 50.249214
61.509827 50.164303
61.936779 50.065859
62.359916 49.953881
62.779238 49.828371
63.194745 49.689328
63.606437 49.536751
64.014314 49.370642
64.418376 49.190999
70.450694 46.394861
70.855431 46.218952
71.265331 46.064043
71.680395 45.930134
72.100623 45.817225
72.526015 45.725317
72.956570 45.654408
73.392289 45.604500
73.833172 45.575591
74.279219 45.567683
74.730429 45.580775
81.537315 45.934655
81.987211 45.969837
82.429312 46.028197
82.863620 46.109735
83.290134 46.214453
83.708854 46.342349
84.119780 46.493423
84.522912 46.667677
84.918250 46.865109
85.305794 47.085720
85.685544 47.329509
91.323346 51.160190
91.701416 51.397895
92.083919 51.600253
92.470855 51.767264
92.862223 51.898927
93.258025 51.995243
93.658259 52.056211
94.062926 52.081833
94.472026 52.072107
94.885559 52.027034
95.303525 51.946613
101.606259 50.475201
102.022309 50.368572
102.430095 50.244875
102.829616 50.104109
103.220873 49.946274
103.603865 49.771371
103.978594 49.579398
104.345057 49.370358
104.703257 49.144248
105.053191 48.901069
105.394862 48.640822
110.457936 44.609099
110.796249 44.342110
111.136110 44.078706
111.477519 43.818887
111.820477 43.562653
112.164983 43.310003
112.511038 43.060939
112.858641 42.815459
113.207792 42.573565
113.558492 42.335255
113.910740 42.100531
119.206078 38.606548
119.556507 38.370414
119.901749 38.127876
120.241804 37.878935
120.576672 37.623591
120.906353 37.361843
121.230847 37.093691
121.550154 36.819136
121.864274 36.538178
122.173207 36.250816
122.476953 35.957050
126.994238 31.502541
127.301120 31.215805
127.619461 30.949529
127.949261 30.703714
128.290521 30.478360
128.643239 30.273467
129.007416 30.089035
129.383053 29.925064
129.770149 29.781555
130.168704 29.658506
130.578718 29.555918
136.814870 28.170555
137.230472 28.088029
137.645792 28.025165
138.060829 27.981963
138.475584 27.958424
138.890056 27.954546
139.304245 27.970331
139.718152 28.005779
140.131777 28.060888
140.545119 28.135660
140.958178 28.230094
147.151948 29.794075
147.561149 29.905179
147.962915 30.029961
148.357246 30.168421
148.744142 30.320559
149.123603 30.486375
149.495629 30.665868
149.860221 30.859040
150.217377 31.065889
150.567099 31.286416
150.909386 31.520622
155.987929 35.136282
156.328150 35.374581
156.671673 35.607391
157.018498 35.834710
157.368626 36.056539
157.722056 36.272879
158.078788 36.483729
158.438823 36.689089
158.802160 36.888959
159.168800 37.083339
159.538742 37.272229
165.112639 40.064410
165.486583 40.236729
165.865228 40.381397
166.248575 40.498412
166.636623 40.587776
167.029373 40.649487
167.426824 40.683547
167.828977 40.689954
168.235832 40.668710
168.647388 40.619814
169.063645 40.543265
175.342768 39.187650
175.759570 39.111425
176.172761 39.063499
176.582341 39.043871
176.988309 39.052542
177.390665 39.089511
177.789410 39.154779
178.184543 39.248346
178.576065 39.370211
178.963976 39.520375
179.348275 39.698838
185.085672 42.588015
185.466453 42.781663
185.843812 42.977382
186.217747 43.175172
186.588259 43.375034
186.955348 43.576968
187.319014 43.780973
187.679257 43.987049
188.036076 44.195197
188.389473 44.405416
188.739446 44.617707
193.963371 47.817603
194.314010 48.025294
194.669404 48.221716
195.029554 48.406869
195.394458 48.580752
195.764118 48.743365
196.138533 48.894709
196.517703 49.034783
196.901628 49.163587
197.290308 49.281122
197.683743 49.387388
203.620936 50.896847
204.007023 51.011029
204.373659 51.152315
204.720843 51.320703
205.048576 51.516195
205.356858 51.738790
205.645689 51.988488
205.915068 52.265289
206.164996 52.569194
206.395472 52.900201
206.606497 53.258312
209.625989 58.833248
209.814356 59.207266
209.976858 59.585994
210.113495 59.969433
210.224267 60.357581
210.309174 60.750441
210.368217 61.148010
210.401394 61.550290
210.408706 61.957281
210.390153 62.368982
210.345736 62.785393
209.485484 69.066891
209.429365 69.485537
209.375708 69.903941
209.324513 70.322104
209.275781 70.740026
209.229511 71.157707
209.185703 71.575146
209.144357 71.992344
209.105473 72.409300
209.069052 72.826015
209.035093 73.242489
208.544171 79.487787
208.500735 79.900165
208.435883 80.304593
208.349615 80.701070
208.241931 81.089597
208.112831 81.470174
207.962315 81.842800
207.790383 82.207476
207.597036 82.564201
207.382272 82.912976
207.146092 83.253801
203.442776 88.306543
203.212593 88.645835
203.015820 88.990012
202.852457 89.339073
202.722503 89.693019
202.625958 90.051851
202.562824 90.415566
202.533099 90.784167
202.536783 91.157652
202.573877 91.536023
202.644381 91.919278
203.952512 97.704739
204.042539 98.089574
204.138203 98.472684
204.239503 98.854069
204.346440 99.233730
204.459013 99.611665
204.577223 99.987875
204.701070 100.362361
204.830553 100.735121
204.965672 101.106157
205.106429 101.475468
207.260048 107.002193
207.392660 107.371698
207.503345 107.743317
207.592104 108.117050
207.658936 108.492897
207.703842 108.870857
207.726822 109.250932
207.727875 109.633120
207.707002 110.017421
207.664203 110.403837
207.599477 110.792366
206.464145 116.636160
206.392922 117.026099
206.330632 117.416743
206.277274 117.808092
206.232848 118.200145
206.197354 118.592904
206.170793 118.986368
206.153164 119.380537
206.144467 119.775411
206.144702 120.170990
206.153870 120.567273
206.358378 126.516818
206.370010 126.915617
206.377638 127.318741
206.381263 127.726190
206.380884 128.137964
206.376502 128.554063
206.368117 128.974488
206.355727 129.399237
206.339334 129.828311
206.318938 130.261711
206.294538 130.699435
205.898512 137.297741
205.886076 137.733678
205.901572 138.161713
205.945001 138.581846
206.016362 138.994078
206.115655 139.398409
206.242880 139.794838
206.398037 140.183366
206.581126 140.563993
206.792147 140.936718
207.031101 141.301542
210.824894 146.714638
211.074040 147.076288
211.315636 147.439491
211.549685 147.804247
211.776185 148.170557
211.995136 148.538420
212.206539 148.907836
212.410394 149.278806
212.606700 149.651329
212.795457 150.025406
212.976666 150.401035
215.638190 156.047131
215.816142 156.423285
215.995128 156.798934
216.175149 157.174077
216.356204 157.548715
216.538294 157.922848
216.721418 158.296476
216.905576 158.669599
217.090769 159.042216
217.276996 159.414328
217.464258 159.785935
220.280940 165.356250
220.453666 165.730648
220.596287 166.111134
220.708802 166.497708
220.791212 166.890369
220.843517 167.289119
220.865716 167.693956
220.857809 168.104881
220.819798 168.521894
220.751680 168.944995
220.653458 169.374184
218.954329 175.857671
218.829008 176.281912
218.679596 176.690172
218.506092 177.082448
218.308497 177.458743
218.086811 177.819055
217.841034 178.163385
217.571166 178.491733
217.277206 178.804098
216.959155 179.100482
216.617012 179.380883
211.304193 183.467029
210.960770 183.746020
210.638879 184.038170
210.338519 184.343482
210.059690 184.661954
209.802393 184.993587
209.566626 185.338381
209.352391 185.696335
209.159687 186.067450
208.988514 186.451725
208.838873 186.849162
206.755732 192.909412
206.622877 193.314569
206.502064 193.722006
206.393294 194.131724
206.296565 194.543721
206.211879 194.958000
206.139235 195.374558
206.078634 195.793397
206.030074 196.214517
205.993557 196.637916
205.969081 197.063596
205.692270 203.465899
205.652439 203.865411
205.569853 204.210307
205.444512 204.500586
205.276416 204.736248
205.065565 204.917294
204.811960 205.043724
204.515599 205.115537
204.176484 205.132734
203.794614 205.095314
203.369990 205.003278
196.679959 203.213111
196.235650 203.110139
195.794729 203.039912
195.357194 203.002430
194.923047 202.997694
194.492287 203.025702
194.064913 203.086456
193.640927 203.179955
193.220328 203.306199
192.803116 203.465188
192.389290 203.656922
186.207316 206.778524
185.794048 206.972359
185.378509 207.137648
184.960698 207.274393
184.540615 207.382593
184.118261 207.462249
183.693635 207.513359
183.266737 207.535925
182.837567 207.529946
182.406126 207.495422
181.972413 207.432353
175.449680 206.272239
175.018462 206.186130
174.594505 206.082483
174.177811 205.961299
173.768378 205.822578
173.366207 205.666320
172.971298 205.492524
172.583651 205.301192
172.203265 205.092322
171.830141 204.865915
171.464279 204.621971
166.030809 200.831282
165.669016 200.602563
165.308101 200.421830
164.948063 200.289082
164.588902 200.204322
164.230618 200.167547
163.873211 200.178758
163.516682 200.237956
163.161030 200.345140
162.806255 200.500310
162.452357 200.703466
157.150471 204.110708
156.798376 204.339742
156.449009 204.572544
156.102370 204.809115
155.758459 205.049455
155.417277 205.293563
155.078822 205.541440
154.743096 205.793086
154.410097 206.048500
154.079827 206.307683
153.752285 206.570635
148.859615 210.543175
148.534195 210.810516
148.210292 211.082868
147.887906 211.360230
147.567037 211.642603
147.247684 211.929987
146.929848 212.222381
146.613528 212.519786
146.298726 212.822201
145.985440 213.129627
145.673671 213.442063
141.008507 218.166188
140.691140 218.468525
140.361060 218.745654
140.018267 218.997575
139.662762 219.224287
139.294543 219.425791
138.913613 219.602086
138.519969 219.753173
138.113613 219.879051
137.694544 219.979721
137.262762 220.055182
130.690690 220.998041
130.254505 221.049862
129.822226 221.079608
129.393853 221.087281
128.969386 221.072881
128.548825 221.036407
128.132170 220.977859
127.719421 220.897237
127.310578 220.794542
126.905641 220.669773
126.504610 220.522930
120.518438 218.154739
120.119347 218.012615
119.720231 217.902002
119.321088 217.822899
118.921920 217.775308
118.522727 217.759227
118.123507 217.774657
117.724262 217.821598
117.324992 217.900050
116.925695 218.010012
116.526373 218.151486
110.536350 220.509918
110.139723 220.648154
109.748511 220.748406
109.362715 220.810674
108.982334 220.834958
108.607368 220.821257
108.237818 220.769571
107.873683 220.679902
107.514964 220.552247
107.161660 220.386609
106.813771 220.182986
101.636058 216.843759
101.287698 216.630271
100.932977 216.435037
100.571896 216.258057
100.204455 216.099330
99.830655 215.958858
99.450494 215.836640
99.063974 215.732675
98.671093 215.646965
98.271853 215.579509
97.866253 215.530306
91.734549 214.929175
91.328421 214.882043
90.927597 214.820799
90.532077 214.745442
90.141860 214.655972
89.756948 214.552390
89.377340 214.434695
89.003036 214.302887
88.634036 214.156967
88.270340 213.996934
87.911948 213.822789
82.575848 211.104763
82.218523 210.927806
81.858028 210.759337
81.494363 210.599356
81.127529 210.447864
80.757525 210.304860
80.384351 210.170345
80.008008 210.044318
79.628495 209.926780
79.245812 209.817730
78.859959 209.717168
73.048392 208.272408
72.659765 208.186367
72.268758 208.120876
71.875373 208.075936
71.479607 208.051547
71.081463 208.047709
70.680939 208.064423
70.278036 208.101687
69.872754 208.159502
69.465092 208.237868
69.055052 208.336785
62.886595 209.974676
62.477065 210.068568
62.070937 210.131858
61.668210 210.164546
61.268884 210.166632
60.872959 210.138117
60.480435 210.078999
60.091313 209.989280
59.705592 209.868959
59.323273 209.718036
58.944354 209.536512
53.286089 206.584128
52.924964 206.375344
52.596024 206.142643
52.299269 205.886025
52.034700 205.605490
51.802316 205.301039
51.602117 204.972670
51.434104 204.620384
51.298275 204.244182
51.194632 203.844062
51.123175 203.420026
50.292699 196.880105
50.249785 196.446183
50.231773 196.016408
50.238664 195.590780
50.270457 195.169298
50.327152 194.751963
50.408750 194.338774
50.515250 193.929732
50.646652 193.524836
50.802956 193.124087
50.984163 192.727485
53.889033 186.809546
54.090219 186.421240
54.306458 186.045379
54.537752 185.681964
54.784100 185.330994
55.045503 184.992470
55.321960 184.666391
55.613472 184.352758
55.920038 184.051570
56.241658 183.762828
56.578333 183.486532
61.741361 179.435428
62.075935 179.158338
62.391255 178.867218
62.687319 178.562066
62.964127 178.242883
63.221681 177.909669
63.459980 177.562423
63.679023 177.201146
63.878811 176.825838
64.059344 176.436499
64.220622 176.033128
66.495376 169.877334
66.644787 169.467115
66.789720 169.057228
66.930174 168.647675
67.066149 168.238456
67.197646 167.829570
67.324664 167.421017
67.447204 167.012797
67.565265 166.604911
67.678847 166.197358
67.787951 165.790138
69.390922 159.684345
69.504503 159.280401
69.631518 158.882675
69.771966 158.491168
69.925847 158.105879
70.093161 157.726808
70.273909 157.353955
70.468090 156.987321
70.675704 156.626904
70.896752 156.272706
71.131233 155.924726
74.749196 150.751664
74.989306 150.404618
75.227240 150.053223
75.462999 149.697477
75.696582 149.337382
75.927989 148.972936
76.157221 148.604141
76.384277 148.230995
76.609157 147.853500
76.831862 147.471655
77.052392 147.085460
80.344015 141.259909
80.547067 140.869321
80.717342 140.474298
80.854838 140.074840
80.959557 139.670947
81.031497 139.262618
81.070659 138.849854
81.077044 138.432655
81.050650 138.011021
80.991479 137.584952
80.899529 137.154447
79.274449 130.663612
79.166246 130.229796
79.058314 129.793795
78.950652 129.355607
78.843262 128.915232
78.736142 128.472672
78.629293 128.027925
78.522715 127.580992
78.416408 127.131873
78.310372 126.680567
78.204606 126.227075
76.620156 119.408300
76.501712 118.961712
76.357640 118.531115
76.187940 118.116510
75.992613 117.717898
75.771657 117.335277
75.525073 116.968649
75.252861 116.618013
74.955022 116.283369
74.631554 115.964717
74.282459 115.662057
68.853817 111.242100
68.512442 110.940196
68.212137 110.623810
67.952902 110.292942
67.734737 109.947593
67.557641 109.587763
67.421616 109.213451
67.326659 108.824657
67.272773 108.421382
67.259956 108.003626
67.288210 107.571388
68.020030 100.979206
68.071090 100.540100
68.126695 100.101740
68.186843 99.664125
68.251536 99.227257
68.320773 98.791134
68.394555 98.355757
68.472880 97.921125
68.555750 97.487239
68.643165 97.054099
68.735123 96.621705
70.148581 90.141384
70.221174 89.717272
70.250493 89.308978
70.236537 88.916503
70.179307 88.539845
70.078803 88.179006
69.935024 87.833985
69.747971 87.504783
69.517643 87.191399
69.244041 86.893833
68.927164 86.612085
63.849457 82.504509
63.521805 82.223453
63.215878 81.927964
62.931675 81.618041
62.669197 81.293683
62.428443 80.954892
62.209413 80.601667
62.012108 80.234008
61.836527 79.851915
61.682670 79.455388
61.550538 79.044427
59.731489 72.771760
59.602640 72.357581
59.458632 71.951400
59.299464 71.553218
59.125138 71.163034
58.935652 70.780848
58.731008 70.406660
58.511204 70.040470
58.276242 69.682279
58.026120 69.332086
57.760840 68.989891
53.667939 63.916951
53.406914 63.574013
53.169562 63.221590
52.955880 62.859684
52.765870 62.488293
52.599532 62.107417
52.456865 61.717058
52.337869 61.317214
52.242545 60.907886
52.170892 60.489073
52.122911 60.060777
51.580728 53.565194
51.568405 53.151253
51.603727 52.775509
51.686693 52.437960
51.817305 52.138607
51.995562 51.877451
52.221464 51.654490
52.495011 51.469726
52.816202 51.323158
53.185039 51.214785
