106.804328 102.191549
119.417310 100.966196
120.249773 100.863043
121.065431 100.716967
121.864284 100.527967
122.646331 100.296043
123.411574 100.021195
124.160011 99.703423
124.891643 99.342727
125.606470 98.939108
126.304492 98.492564
126.985709 98.003096
137.077923 90.339151
137.757670 89.846661
138.451283 89.391051
139.158762 88.972320
139.880106 88.590469
140.615317 88.245497
141.364393 87.937404
142.127335 87.666192
142.904143 87.431858
143.694817 87.234405
144.499357 87.073830
156.671446 84.941812
157.483045 84.813125
158.294898 84.711331
159.107005 84.636432
159.919365 84.588427
160.731979 84.567315
161.544847 84.573098
162.357968 84.605774
163.171342 84.665345
163.984971 84.751810
164.798853 84.865168
177.008985 86.767254
177.824063 86.883280
178.641280 86.977747
179.460637 87.050654
180.282132 87.102002
181.105767 87.131790
181.931541 87.140020
182.759454 87.126689
183.589506 87.091800
184.421697 87.035351
185.256027 86.957342
197.787022 85.625522
198.622625 85.542820
199.458633 85.472289
200.295048 85.413929
201.131869 85.367741
201.969095 85.333725
202.806727 85.311879
203.644766 85.302206
204.483210 85.304703
205.322060 85.319372
206.161317 85.346213
218.753205 85.840105
219.590051 85.854061
220.421668 85.830076
221.248058 85.768150
222.069221 85.668284
222.885155 85.530478
223.695862 85.354730
224.501341 85.141042
225.301593 84.889413
226.096617 84.599844
226.886413 84.272334
238.694148 79.075128
239.469711 78.713112
240.222035 78.320024
240.951122 77.895865
241.656969 77.440635
242.339578 76.954333
242.998949 76.436960
243.635081 75.888516
244.247975 75.309000
244.837631 74.698413
245.404047 74.056755
253.726012 64.198841
254.270320 63.617346
254.793650 63.187251
255.296000 62.908554
255.777372 62.781257
256.237765 62.805359
256.677179 62.980860
257.095615 63.307760
257.493072 63.786059
257.869549 64.415757
258.225049 65.196854
263.400194 78.048807
263.768374 78.885102
264.182894 79.680395
264.643754 80.434684
265.150955 81.147971
265.704496 81.820255
266.304377 82.451536
266.950599 83.041815
267.643160 83.591090
268.382062 84.099363
269.167304 84.566632
281.293490 91.268157
282.099602 91.715153
282.901112 92.162604
283.698020 92.610511
284.490327 93.058872
285.278033 93.507689
286.061137 93.956961
286.839640 94.406688
287.613541 94.856870
288.382840 95.307508
289.147538 95.758601
300.583496 102.528406
301.351522 102.964120
302.130804 103.368622
302.921343 103.741911
303.723139 104.083988
304.536192 104.394852
305.360502 104.674503
306.196068 104.922942
307.042891 105.140169
307.900971 105.326183
308.770308 105.480985
321.894787 107.568914
322.769355 107.705582
323.643129 107.837196
324.516108 107.963756
325.388292 108.085261
326.259681 108.201712
327.130276 108.313109
328.000076 108.419452
328.869082 108.520740
329.737293 108.616974
330.604710 108.708154
343.609998 110.037944
344.475859 110.133059
345.339404 110.241100
346.200634 110.362066
347.059547 110.495957
347.916144 110.642773
348.770425 110.802515
349.622391 110.975182
350.472040 111.160775
351.319373 111.359293
352.164391 111.570736
364.822282 114.839322
365.669785 115.046900
366.524577 115.233824
367.386656 115.400092
368.256023 115.545705
369.132679 115.670663
370.016622 115.774966
370.907854 115.858614
371.806374 115.921607
372.712181 115.963945
373.625277 115.985628
387.376370 116.155961
388.284153 116.139524
389.174021 116.067499
390.045975 115.939889
390.900015 115.756691
391.736140 115.517908
392.554352 115.223537
393.354649 114.873581
394.137032 114.468037
394.901500 114.006908
395.648055 113.490191
406.712014 105.322548
407.381179 104.838742
407.913479 104.476342
408.308915 104.235350
408.567486 104.115764
408.689192 104.117586
408.674034 104.240814
408.522011 104.485449
408.233123 104.851490
407.807371 105.338939
407.244754 105.947794
397.779018 115.991178
397.169850 116.672234
396.604446 117.376286
396.082805 118.103333
395.604927 118.853376
395.170812 119.626414
394.780460 120.422447
394.433872 121.241475
394.131046 122.083499
393.871984 122.948518
393.656685 123.836532
390.755423 137.329212
390.586803 138.225533
390.467780 139.115474
390.398353 139.999033
390.378522 140.876212
390.408287 141.747010
390.487649 142.611427
390.616606 143.469462
390.795160 144.321117
391.023310 145.166391
391.301056 146.005284
395.839218 158.540824
396.135300 159.378327
396.418459 160.219432
396.688695 161.064139
396.946007 161.912448
397.190396 162.764358
397.421861 163.619870
397.640403 164.478984
397.846022 165.341699
398.038717 166.208017
398.218489 167.077936
400.818141 180.153732
400.998317 181.020308
401.192227 181.876597
401.399870 182.722597
401.621245 183.558310
401.856354 184.383736
402.105195 185.198873
402.367770 186.003723
402.644077 186.798286
402.934117 187.582560
403.237891 188.356547
407.897488 199.889196
408.208814 200.657755
408.521512 201.425745
408.835581 202.193167
409.151023 202.960020
409.467836 203.726304
409.786021 204.492020
410.105578 205.257167
410.426507 206.021746
410.748808 206.785756
411.072481 207.549197
415.937860 218.996551
416.269768 219.755525
416.616774 220.506131
416.978880 221.248371
417.356084 221.982244
417.748386 222.707751
418.155788 223.424890
418.578288 224.133663
419.015887 224.834069
419.468585 225.526108
419.936381 226.209781
427.066566 236.402115
427.542711 237.081030
428.020455 237.758798
428.499798 238.435419
428.980741 239.110893
429.463282 239.785220
429.947422 240.458400
430.433162 241.130432
430.920500 241.801318
431.409438 242.471056
431.899974 243.139647
439.270016 253.159912
439.756756 253.832578
440.234305 254.514540
440.702662 255.205800
441.161827 255.906356
441.611801 256.616209
442.052583 257.335358
442.484173 258.063804
442.906571 258.801547
443.319778 259.548586
443.723794 260.304923
449.715085 271.719690
450.099478 272.485312
450.453817 273.260209
450.778103 274.044379
451.072336 274.837825
451.336515 275.640545
451.570641 276.452539
451.774714 277.273808
451.948733 278.104352
452.092699 278.944170
452.206612 279.793263
453.689902 292.599213
453.771787 293.450998
453.819668 294.298893
453.833545 295.142900
453.813419 295.983016
453.759290 296.819244
453.671158 297.651581
453.549021 298.480029
453.392882 299.304588
453.202739 300.125257
452.978593 300.942037
449.361374 313.164561
449.111864 313.975914
448.845629 314.780303
448.562668 315.577729
448.262983 316.368191
447.946573 317.151689
447.613438 317.928223
447.263578 318.697794
446.896992 319.460401
446.513682 320.216044
446.113647 320.964724
439.987684 332.142690
439.588978 332.890571
439.209655 333.643817
438.849714 334.402428
438.509157 335.166404
438.187982 335.935746
437.886189 336.710454
437.603780 337.490527
437.340754 338.275965
437.097110 339.066768
436.872849 339.862937
433.654306 351.845712
433.451898 352.645955
433.273811 353.448979
433.120045 354.254785
432.990601 355.063373
432.885479 355.874743
432.804678 356.688895
432.748199 357.505829
432.716041 358.325544
432.708205 359.148041
432.724691 359.973321
433.154386 372.373372
433.164106 373.196253
433.135976 374.011555
433.069994 374.819279
432.966160 375.619425
432.824476 376.411992
432.644939 377.196980
432.427552 377.974391
432.172313 378.744222
431.879223 379.506476
431.548282 380.261151
426.300275 391.524437
425.939599 392.268021
425.557307 392.997001
425.153397 393.711377
424.727870 394.411148
424.280726 395.096316
423.811966 395.766879
423.321588 396.422839
422.809593 397.064194
422.275981 397.690946
421.720752 398.303093
413.230188 407.375773
412.653429 407.932809
412.055229 408.394224
411.435587 408.760020
410.794503 409.030196
410.131977 409.204753
409.448010 409.283689
408.742600 409.267006
408.015749 409.154703
407.267456 408.946780
406.497721 408.643237
394.790886 403.372948
394.007533 403.030555
393.218385 402.706080
392.423442 402.399524
391.622705 402.110886
390.816174 401.840167
390.003848 401.587367
389.185727 401.352485
388.361811 401.135522
387.532101 400.936477
386.696596 400.755351
374.120562 398.172846
373.280151 398.000747
372.435721 397.828784
371.587273 397.656956
370.734806 397.485264
369.878321 397.313708
369.017817 397.142288
368.153295 396.971003
367.284755 396.799854
366.412196 396.628841
365.535619 396.457964
352.356823 393.895822
351.481678 393.752619
350.613418 393.664629
349.752043 393.631852
348.897551 393.654287
348.049944 393.731936
347.209221 393.864798
346.375382 394.052872
345.548428 394.296160
344.728357 394.594660
343.915171 394.948374
331.769013 400.668171
330.961681 401.050293
330.159173 401.434019
329.361489 401.819350
328.568628 402.206285
327.780592 402.594824
326.997379 402.984967
326.218990 403.376715
325.445425 403.770067
324.676684 404.165023
323.912766 404.561583
312.490185 410.522022
311.740105 410.933195
311.012875 411.371989
310.308496 411.838404
309.626967 412.332440
308.968289 412.854096
308.332462 413.403373
307.719484 413.980272
307.129358 414.584791
306.562082 415.216931
306.017656 415.876691
298.022651 425.980260
297.477125 426.635322
296.906547 427.253365
296.310918 427.834391
295.690237 428.378397
295.044504 428.885385
294.373719 429.355355
293.677883 429.788306
292.956995 430.184239
292.211056 430.543153
291.440065 430.865048
279.687311 435.415845
278.904430 435.720783
278.122822 436.028822
277.342487 436.339963
276.563425 436.654205
275.785636 436.971550
275.009119 437.291996
274.233875 437.615545
273.459904 437.942195
272.687206 438.271946
271.915781 438.604800
260.353945 443.620868
259.577394 443.936059
258.789317 444.212823
257.989715 444.451160
257.178588 444.651069
256.355936 444.812551
255.521759 444.935606
254.676057 445.020234
253.818830 445.066435
252.950078 445.074209
252.069801 445.043555
238.779203 444.295548
237.900662 444.223386
237.037120 444.106636
236.188575 443.945297
235.355029 443.739369
234.536481 443.488853
233.732932 443.193747
232.944380 442.854053
232.170827 442.469771
231.412272 442.040899
230.668716 441.567439
219.627851 434.131121
218.889213 433.639147
218.145411 433.154732
217.396447 432.677877
216.642321 432.208581
215.883032 431.746846
215.118581 431.292670
214.348967 430.846054
213.574191 430.406998
212.794252 429.975501
212.009151 429.551564
200.193914 423.249212
199.424110 422.810948
198.690064 422.336471
197.991774 421.825781
197.329241 421.278877
196.702466 420.695760
196.111447 420.076429
195.556186 419.420885
195.036682 418.729127
194.552935 418.001156
194.104945 417.236971
187.653275 405.502602
187.202428 404.748409
186.710109 404.050410
186.176320 403.408606
185.601058 402.822998
184.984326 402.293584
184.326122 401.820366
183.626447 401.403342
182.885300 401.042514
182.102682 400.737880
181.278593 400.489442
168.606217 397.184330
167.762384 396.989294
166.920533 396.844868
166.080664 396.751052
165.242779 396.707846
164.406876 396.715249
163.572956 396.773262
162.741018 396.881885
161.911063 397.041118
161.083091 397.250961
160.257101 397.511414
147.882128 401.797776
147.059549 402.089764
146.241807 402.394213
145.428902 402.711124
144.620835 403.040495
143.817605 403.382327
143.019213 403.736621
142.225658 404.103376
141.436941 404.482592
140.653061 404.874269
139.874018 405.278407
128.224663 411.433936
127.443387 411.817615
126.652808 412.147914
125.852924 412.424832
125.043737 412.648371
124.225246 412.818530
123.397452 412.935309
122.560353 412.998707
121.713951 413.008726
120.858245 412.965365
119.993235 412.868624
106.948309 411.017156
106.146974 410.867131
105.482294 410.663920
104.954269 410.407523
104.562898 410.097939
104.308182 409.735168
104.190120 409.319210
104.208713 408.850067
104.363960 408.327736
104.655862 407.752219
105.084418 407.123515
112.537674 397.294061
113.019916 396.631696
113.472876 395.955195
113.896554 395.264557
114.290950 394.559783
114.656063 393.840873
114.991895 393.107827
115.298443 392.360644
115.575710 391.599325
115.823694 390.823870
116.042396 390.034278
119.103310 378.084383
119.278120 377.288581
119.394428 376.494495
119.452235 375.702125
119.451539 374.911471
119.392343 374.122532
119.274644 373.335309
119.098443 372.549802
118.863741 371.766011
118.570538 370.983935
118.218832 370.203576
112.504485 358.511048
112.155511 357.729113
111.870500 356.942314
111.649453 356.150650
111.492369 355.354120
111.399250 354.552726
111.370094 353.746467
111.404901 352.935342
111.503673 352.119353
111.666408 351.298499
111.893107 350.472780
115.773319 338.050505
116.014837 337.225067
116.222030 336.405059
116.394898 335.590479
116.533441 334.781327
116.637658 333.977605
116.707551 333.179311
116.743118 332.386446
116.744360 331.599009
116.711276 330.817001
116.643868 330.040422
115.375304 318.432450
115.290603 317.658600
115.205641 316.884779
115.120418 316.110986
115.034935 315.337223
114.949191 314.563488
114.863187 313.789782
114.776922 313.016106
114.690396 312.242458
114.603610 311.468839
114.516563 310.695249
113.208904 299.091616
113.130140 298.317183
113.068203 297.541033
113.023093 296.763167
112.994811 295.983585
112.983355 295.202287
112.988726 294.419273
113.010924 293.634543
113.049949 292.848097
113.105802 292.059934
113.178481 291.270055
114.394871 279.409006
114.459976 278.619895
114.493108 277.834037
114.494265 277.051431
114.463448 276.272078
114.400656 275.495977
114.305891 274.723129
114.179151 273.953532
114.020437 273.187189
113.829748 272.424097
113.607086 271.664258
110.027341 260.291064
109.792336 259.531872
109.564622 258.770722
109.344199 258.007613
109.131066 257.242545
108.925224 256.475519
108.726673 255.706535
108.535412 254.935592
108.351442 254.162691
108.174762 253.387831
108.005373 252.611013
105.519216 240.944053
105.344371 240.169386
105.151323 239.400979
104.940073 238.638834
104.710621 237.882949
104.462966 237.133325
104.197109 236.389962
103.913049 235.652859
103.610787 234.922017
103.290322 234.197436
102.951655 233.479115
97.735128 222.751264
97.389205 222.034340
97.046975 221.313946
96.708437 220.590083
96.373591 219.862751
96.042436 219.131950
95.714974 218.397679
95.391204 217.659940
95.071127 216.918732
94.754741 216.174054
94.442047 215.425907
89.779331 204.177687
89.487162 203.424833
89.232349 202.666035
89.014893 201.901291
88.834794 201.130603
88.692052 200.353970
88.586667 199.571392
88.518638 198.782869
88.487966 197.988402
88.494651 197.187989
88.538693 196.381632
89.479493 184.241687
89.546298 183.431773
89.621270 182.620692
89.704412 181.808444
89.795722 180.995028
89.895200 180.180445
90.002847 179.364695
90.118662 178.547776
90.242646 177.729691
90.374798 176.910438
90.515119 176.090017
92.681195 163.774955
92.805403 162.955393
92.889217 162.138713
92.932636 161.324916
92.935661 160.514003
92.898291 159.705972
92.820527 158.900824
92.702368 158.098559
92.543815 157.299177
92.344868 156.502679
92.105526 155.709063
88.212441 143.826448
87.968428 143.031088
87.755467 142.229355
87.573557 141.421251
87.422700 140.606775
87.302894 139.785927
87.214140 138.958706
87.156437 138.125114
87.129787 137.285150
87.134188 136.438814
87.169641 135.586106
87.934327 122.747694
88.011579 121.902858
88.141376 121.080139
88.323718 120.279536
88.558605 119.501049
88.846037 118.744680
89.186015 118.010426
89.578538 117.298290
90.023606 116.608269
90.521219 115.940366
91.071378 115.294578
99.717844 105.773645
100.307497 105.166568
100.923594 104.614795
101.566133 104.118325
102.235116 103.677160
102.930543 103.291298
103.652413 102.960741
104.400727 102.685487
105.175483 102.465537
105.976684 102.300891
