213.812149 203.672251
240.248594 199.689006
242.008265 199.462324
243.762419 199.313379
245.511056 199.242169
247.254175 199.248695
248.991776 199.332958
250.723861 199.494956
252.450428 199.734691
254.171478 200.052161
255.887011 200.447367
257.597026 200.920310
283.205875 208.597468
284.906510 209.126540
286.593901 209.690135
288.268049 210.288253
289.928954 210.920894
291.576614 211.588059
293.211032 212.289746
294.832206 213.025957
296.440136 213.796690
298.034823 214.601947
299.616266 215.441727
323.238591 228.297347
324.783919 229.186443
326.270260 230.139651
327.697615 231.156969
329.065982 232.238398
330.375363 233.383938
331.625757 234.593589
332.817164 235.867350
333.949584 237.205222
335.023017 238.607205
336.037463 240.073299
350.811756 262.545537
351.809859 264.028995
352.834262 265.483074
353.884965 266.907771
354.961969 268.303088
356.065273 269.669024
357.194877 271.005580
358.350781 272.312754
359.532985 273.590549
360.741490 274.838962
361.976295 276.057995
380.695619 294.123133
381.964391 295.291649
383.274798 296.388510
384.626838 297.413717
386.020513 298.367269
387.455822 299.249168
388.932764 300.059412
390.451342 300.798002
392.011553 301.464937
393.613398 302.060219
395.256878 302.583846
420.221330 309.900845
421.887436 310.356800
423.557161 310.749065
425.230505 311.077640
426.907467 311.342525
428.588049 311.543720
430.272249 311.681225
431.960068 311.755040
433.651506 311.765165
435.346562 311.711600
437.045238 311.594345
462.552509 309.357844
464.250860 309.236544
465.944942 309.170845
467.634756 309.160745
469.320302 309.206246
471.001580 309.307347
472.678590 309.464048
474.351331 309.676350
476.019804 309.944251
477.684009 310.267753
479.343946 310.646855
504.210987 316.750390
505.867382 317.105445
507.520964 317.356805
509.171731 317.504472
510.819684 317.548444
512.464823 317.488721
514.107148 317.325304
515.746658 317.058193
517.383355 316.687388
519.017237 316.212888
520.648305 315.634693
545.093221 306.184070
546.711325 305.533164
548.306312 304.840527
549.878184 304.106159
551.426941 303.330062
552.952582 302.512234
554.455107 301.652676
555.934517 300.751387
557.390811 299.808368
558.823990 298.823619
560.234053 297.797140
581.211632 282.086972
582.583812 281.013435
583.903344 279.887515
585.170227 278.709210
586.384461 277.478522
587.546046 276.195449
588.654981 274.859993
589.711268 273.472153
590.714906 272.031928
591.665895 270.539320
592.564235 268.994327
605.644466 245.426563
606.550853 243.889295
607.525983 242.419863
608.569855 241.018264
609.682471 239.684500
610.863830 238.418571
612.113931 237.220475
613.432775 236.090215
614.820362 235.027788
616.276692 234.033196
617.801765 233.106438
641.193432 219.713831
642.759940 218.830644
644.340573 217.966764
645.935334 217.122192
647.544220 216.296926
649.167233 215.490968
650.804372 214.704316
652.455637 213.936972
654.121029 213.188935
655.800547 212.460205
657.494191 211.750782
683.004802 201.254243
684.702471 200.547848
686.394064 199.828204
688.079579 199.095309
689.759019 198.349164
691.432382 197.589770
693.099668 196.817124
694.760877 196.031229
696.416010 195.232084
698.065067 194.419688
699.708046 193.594043
724.307169 181.109982
725.963700 180.312776
727.653409 179.585700
729.376297 178.928754
731.132363 178.341938
732.921608 177.825251
734.744031 177.378695
736.599632 177.002268
738.488412 176.695971
740.410370 176.459804
742.365507 176.293767
771.941399 174.329181
773.890939 174.267408
775.796106 174.344036
777.656900 174.559064
779.473322 174.912491
781.245371 175.404318
782.973047 176.034546
784.656350 176.803173
786.295281 177.710201
787.889839 178.755628
789.440024 179.939455
812.360006 198.734864
813.849136 200.001560
815.260527 201.295593
816.594179 202.616965
817.850094 203.965673
819.028270 205.341720
820.128707 206.745104
821.151406 208.175825
822.096366 209.633884
822.963588 211.119281
823.753072 212.632015
835.012288 235.528060
835.736396 237.062474
836.407491 238.612911
837.025573 240.179370
837.590643 241.761852
838.102699 243.360357
838.561742 244.974883
838.967773 246.605433
839.320791 248.252005
839.620795 249.914599
839.867787 251.593216
843.175067 276.892637
843.348738 278.575752
843.428779 280.251840
843.415190 281.920902
843.307972 283.582937
843.107124 285.237946
842.812646 286.885928
842.424539 288.526884
841.942803 290.160813
841.367436 291.787716
840.698441 293.407592
829.961281 317.653034
829.300738 319.274795
828.750729 320.907351
828.311256 322.550702
827.982318 324.204850
827.763914 325.869792
827.656045 327.545531
827.658712 329.232065
827.771913 330.929394
827.995649 332.637519
828.329920 334.356439
834.172996 360.221213
834.572574 361.937394
834.992230 363.637299
835.431966 365.320929
835.891780 366.988284
836.371673 368.639363
836.871645 370.274167
837.391696 371.892695
837.931826 373.494949
838.492034 375.080927
839.072321 376.650629
847.927222 400.074102
848.541340 401.621821
849.203041 403.141846
849.912324 404.634178
850.669191 406.098817
851.473640 407.535764
852.325672 408.945017
853.225287 410.326577
854.172484 411.680443
855.167264 413.006617
856.209627 414.305098
872.201944 433.574612
873.258413 434.865033
874.295511 436.167028
875.313237 437.480595
876.311593 438.805736
877.290578 440.142451
878.250192 441.490738
879.190435 442.850600
880.111306 444.222034
881.012807 445.605042
881.894937 446.999623
894.981599 468.005140
895.844810 469.410476
896.689552 470.825746
897.515828 472.250952
898.323636 473.686094
899.112976 475.131170
899.883849 476.586182
900.636254 478.051130
901.370192 479.526012
902.085662 481.010830
902.782665 482.505583
913.099201 505.001396
913.747637 506.509895
914.317406 508.035951
914.808509 509.579564
915.220945 511.140733
915.554715 512.719459
915.809818 514.315742
915.986255 515.929581
916.084025 517.560977
916.103129 519.209930
916.043566 520.876439
914.560126 546.005758
914.457677 547.680760
914.348122 549.355191
914.231461 551.029051
914.107694 552.702340
913.976821 554.375058
913.838842 556.047204
913.693757 557.718780
913.541566 559.389784
913.382270 561.060217
913.215867 562.730079
910.666532 587.773723
910.445023 589.419784
910.120407 591.018816
909.692685 592.570818
909.161856 594.075790
908.527921 595.533732
907.790879 596.944644
906.950730 598.308526
906.007475 599.625379
904.961113 600.895201
903.811645 602.117994
885.796319 620.107163
884.615926 621.321628
883.476792 622.566468
882.378915 623.841682
881.322297 625.147271
880.306937 626.483235
879.332835 627.849574
878.399991 629.246287
877.508405 630.673374
876.658077 632.130837
875.849007 633.618674
864.022397 656.164038
863.246614 657.674626
862.496148 659.200341
861.770997 660.741185
861.071162 662.297155
860.396643 663.868254
859.747439 665.454480
859.123552 667.055833
858.524981 668.672314
857.951725 670.303923
857.403785 671.950659
849.374560 696.765158
848.804281 698.397927
848.164005 699.987636
847.453733 701.534283
846.673466 703.037869
845.823203 704.498394
844.902944 705.915858
843.912688 707.290261
842.852437 708.621603
841.722191 709.909883
840.521948 711.155103
821.993335 729.510439
820.837562 730.756644
819.840724 732.047882
819.002821 733.384152
818.323854 734.765455
817.803821 736.191790
817.442724 737.663158
817.240562 739.179558
817.197335 740.740991
817.313044 742.347456
817.587687 743.998954
822.899356 769.109164
823.226421 770.784519
823.499397 772.462556
823.718281 774.143274
823.883074 775.826674
823.993777 777.512755
824.050389 779.201518
824.052910 780.892963
824.001341 782.587090
823.895680 784.283898
823.735929 785.983388
820.933982 811.495847
820.669843 813.101844
820.251016 814.518174
819.677503 815.744837
818.949304 816.781832
818.066417 817.629161
817.028845 818.286822
815.836585 818.754817
814.489639 819.033144
812.988007 819.121804
811.331687 819.020797
785.326750 816.083187
783.599083 815.930295
781.883407 815.863302
780.179723 815.882206
778.488030 815.987008
776.808329 816.177708
775.140618 816.454305
773.484899 816.816801
771.841172 817.265195
770.209436 817.799486
768.589691 818.419676
744.383451 828.366751
742.763199 828.976584
741.129941 829.479806
739.483676 829.876416
737.824406 830.166416
736.152130 830.349805
734.466848 830.426582
732.768561 830.396749
731.057267 830.260304
729.332967 830.017249
727.595661 829.667582
701.438531 823.623002
699.726163 823.170178
698.076675 822.617650
696.490069 821.965418
694.966343 821.213483
693.505499 820.361843
692.107535 819.410499
690.772452 818.359452
689.500251 817.208701
688.290930 815.958245
687.144489 814.608086
670.419495 793.607920
669.277657 792.244757
668.082140 790.955290
666.832944 789.739518
665.530071 788.597443
664.173519 787.529063
662.763290 786.534379
661.299382 785.613391
659.781795 784.766099
658.210531 783.992503
656.585588 783.292602
631.808860 773.346816
630.156444 772.748444
628.502760 772.279431
626.847808 771.939777
625.191588 771.729483
623.534100 771.648549
621.875343 771.696974
620.215319 771.874759
618.554026 772.181903
616.891465 772.618407
615.227636 773.184271
590.260692 782.642421
588.594099 783.262347
586.923244 783.861036
585.248128 784.438490
583.568751 784.994707
581.885112 785.529689
580.197212 786.043435
578.505051 786.535945
576.808629 787.007219
575.107946 787.457257
573.403001 787.886059
547.796871 794.158822
546.121626 794.625794
544.510043 795.190344
542.962121 795.852470
541.477862 796.612172
540.057263 797.469452
538.700326 798.424308
537.407051 799.476740
536.177438 800.626750
535.011486 801.874336
533.909195 803.219499
517.852299 824.128769
516.750464 825.443812
515.585881 826.601038
514.358548 827.600448
513.068466 828.442041
511.715635 829.125818
510.300054 829.651778
508.821725 830.019921
507.280646 830.230248
505.676818 830.282758
504.010241 830.177451
478.540962 827.414230
476.857068 827.286915
475.201290 827.273398
473.573628 827.373679
471.974082 827.587758
470.402652 827.915636
468.859338 828.357312
467.344139 828.912786
465.857057 829.582058
464.398090 830.365129
462.967239 831.261998
441.715349 845.568524
440.303852 846.418615
438.902946 847.061353
437.512631 847.496736
436.132908 847.724766
434.763775 847.745441
433.405234 847.558763
432.057284 847.164730
430.719926 846.563344
429.393158 845.754604
428.076982 844.738510
408.413773 827.941942
407.082315 826.881877
405.709702 825.941227
404.295934 825.119990
402.841011 824.418166
401.344933 823.835757
399.807700 823.372761
398.229312 823.029179
396.609770 822.805010
394.949072 822.700255
393.247219 822.714914
367.410769 823.830397
365.688231 823.896528
363.965478 823.946190
362.242510 823.979384
360.519327 823.996108
358.795929 823.996364
357.072315 823.980152
355.348487 823.947470
353.624443 823.898319
351.900184 823.832700
350.175710 823.750612
324.306985 822.395776
322.602591 822.254342
320.938573 822.010685
319.314932 821.664805
317.731666 821.216702
316.188777 820.666376
314.686264 820.013828
313.224126 819.259056
311.802365 818.402061
310.420980 817.442844
309.079971 816.381403
289.267656 799.693123
287.928821 798.642880
286.553958 797.717256
285.143068 796.916252
283.696149 796.239866
282.213203 795.688099
280.694229 795.260951
279.139227 794.958422
277.548197 794.780511
275.921139 794.727220
274.258053 794.798548
249.041559 796.803103
247.373242 796.975116
245.730491 797.223879
244.113306 797.549394
242.521686 797.951660
240.955633 798.430677
239.415144 798.986446
237.900222 799.618965
236.410865 800.328236
234.947074 801.114258
233.508849 801.977031
212.127212 815.494258
210.733550 816.276332
209.403450 816.820258
208.136911 817.126036
206.933933 817.193666
205.794517 817.023148
204.718662 816.614481
203.706368 815.967666
202.757636 815.082704
201.872465 813.959592
201.050855 812.598333
189.203422 790.393333
188.466057 788.904132
187.833621 787.397197
187.306113 785.872527
186.883535 784.330123
186.565884 782.769984
186.353163 781.192111
186.245369 779.596503
186.242505 777.983161
186.344569 776.352084
186.551562 774.703272
190.443416 749.838092
190.684395 748.179545
190.888416 746.519264
191.055481 744.857247
191.185589 743.193495
191.278740 741.528008
191.334935 739.860786
191.354172 738.191828
191.336453 736.521135
191.281776 734.848707
191.190143 733.174544
189.538471 708.049083
189.378913 706.394362
189.120460 704.780260
188.763114 703.206779
188.306874 701.673917
187.751740 700.181675
187.097712 698.730052
186.344790 697.319049
185.492974 695.948665
184.542264 694.618902
183.492661 693.329758
167.006902 674.297244
165.957939 673.011886
165.009151 671.693480
164.160539 670.342026
163.412101 668.957525
162.763840 667.539975
162.215753 666.089378
161.767842 664.605734
161.420106 663.089041
161.172545 661.539301
161.025160 659.956513
159.565694 635.966833
159.443808 634.372983
159.272746 632.790059
159.052507 631.218061
158.783092 629.656988
158.464500 628.106840
158.096732 626.567618
157.679788 625.039322
157.213667 623.521950
156.698370 622.015505
156.133896 620.519984
147.297968 598.169119
146.745751 596.672415
146.267227 595.162416
145.862393 593.639123
145.531251 592.102535
145.273801 590.552654
145.090041 588.989478
144.979974 587.413008
144.943597 585.823243
144.980912 584.220185
145.091919 582.603832
147.309702 558.258834
147.418988 556.641697
147.451145 555.036284
147.406170 553.442596
147.284065 551.860632
147.084829 550.290393
146.808463 548.731879
146.454966 547.185089
146.024338 545.650024
145.516580 544.126684
144.931690 542.615068
135.579874 520.028767
135.037919 518.530439
134.658960 517.046962
134.442999 515.578336
134.390035 514.124561
134.500068 512.685637
134.773099 511.261563
135.209127 509.852341
135.808152 508.457969
136.570174 507.078449
137.495194 505.713779
152.592969 485.355116
153.593947 483.994094
154.583844 482.625518
155.562661 481.249387
156.530397 479.865701
157.487052 478.474460
158.432626 477.075665
159.367120 475.669314
160.290532 474.255409
161.202864 472.833949
162.104116 471.404935
175.539780 449.913055
176.407607 448.464748
177.219669 446.985412
177.975964 445.475046
178.676493 443.933650
179.321255 442.361225
179.910252 440.757771
180.443482 439.123286
180.920945 437.457773
181.342642 435.761229
181.708573 434.033656
186.779290 407.887342
187.062805 406.151000
187.237253 404.428151
187.302636 402.718793
187.258952 401.022927
187.106203 399.340554
186.844387 397.671672
186.473505 396.016282
185.993557 394.374384
185.404543 392.745978
184.706463 391.131064
173.417264 367.008545
172.686689 365.398770
172.000192 363.785780
171.357772 362.169576
170.759429 360.550157
170.205163 358.927524
169.694975 357.301676
169.228863 355.672614
168.806829 354.040337
168.428873 352.404846
168.094993 350.766140
163.417379 326.161442
163.156897 324.527710
162.999133 322.907140
162.944087 321.299731
162.991759 319.705484
163.142149 318.124399
163.395257 316.556475
163.751083 315.001714
164.209627 313.460114
164.770889 311.931676
165.434869 310.416399
176.164955 287.785967
176.870897 286.277837
177.558044 284.770837
178.226396 283.264968
178.875953 281.760230
179.506716 280.256622
180.118684 278.754145
180.711857 277.252799
181.286235 275.752583
181.841819 274.253498
182.378608 272.755543
190.289479 250.294705
190.814648 248.796570
191.335372 247.296942
191.851651 245.795823
192.363485 244.293211
192.870875 242.789107
193.373819 241.283512
193.872319 239.776424
194.366374 238.267844
194.855983 236.757771
195.341148 235.246207
202.585287 212.561552
203.132204 211.111579
203.807070 209.786283
204.609884 208.585663
205.540647 207.509719
206.599359 206.558451
207.786019 205.731859
209.100629 205.029943
210.543187 204.452703
212.113693 204.000139
