102.600000 102.600000
113.182821 100.339331
123.951519 101.407917
133.018390 107.146091
141.000212 114.317235
150.343408 119.637680
156.156907 128.682328
166.389891 130.757512
176.622213 132.835953
186.330116 126.877163
197.679419 127.848694
207.839605 131.764796
216.869399 137.849864
227.116028 137.423103
236.788587 134.014709
247.195161 133.886742
256.500000 129.224859
266.423887 133.079195
277.066079 132.790767
287.380723 131.182645
297.758617 130.052486
307.623689 133.198406
317.867304 134.709959
327.695880 137.873134
337.694693 140.448078
345.825832 133.159528
355.203303 127.564762
361.925149 119.016259
368.071891 110.045323
378.382891 105.967751
388.301862 101.012217
399.359595 101.685531
410.400000 102.600000
419.824285 108.003597
425.912643 117.000703
427.320784 127.634278
432.070792 137.251618
436.012452 147.069194
442.948907 155.057127
442.789274 165.617860
445.890483 175.714249
448.010979 187.688400
457.660723 195.088349
452.030366 205.788676
454.750390 217.569991
452.251905 228.267036
445.297417 236.770229
440.282146 246.269645
437.006220 256.500000
433.743612 266.627977
428.771717 276.035462
425.391740 286.636892
428.780582 297.235491
425.880839 307.646041
419.107842 316.067120
408.942064 320.484052
403.066242 329.882300
403.052650 340.300871
399.777023 350.191122
396.929223 360.493923
399.891962 370.764260
406.339479 379.599338
412.510559 388.629669
410.349103 399.407594
410.400000 410.400000
400.051325 412.395053
391.001953 406.992814
382.036442 401.405588
371.649883 403.333505
363.390118 409.605889
353.206165 411.568951
343.190560 408.422415
333.015169 411.005912
323.404828 415.754924
312.814521 414.094443
302.543857 414.869099
292.793242 418.187557
283.203357 414.429458
274.863384 408.385120
265.395330 404.489739
256.500000 399.421096
246.154085 402.107815
235.557736 403.512739
224.565267 404.308865
214.568741 399.667999
206.450801 407.311649
201.608403 417.355429
190.142310 417.857426
180.965295 424.749863
170.318970 424.953466
160.693065 429.506230
150.825539 426.113578
140.595036 424.060536
133.066110 416.212385
124.256134 409.835666
113.432503 410.288048
102.600000 410.400000
97.592952 400.676049
99.427541 389.893655
100.788843 378.895434
94.576212 369.718440
93.811845 358.377450
98.467257 348.007810
104.766820 338.352409
115.379781 333.849484
115.802264 323.261333
122.036553 314.692723
122.047808 304.465379
119.416689 294.582267
119.126112 284.073402
120.917602 273.714288
112.148701 267.057464
109.026700 256.500000
109.022294 246.737510
110.383469 237.070378
113.817984 227.304103
110.227556 217.594065
103.007245 209.997444
99.244657 200.215600
98.954282 189.865663
101.140662 179.745126
102.547120 170.034090
105.445126 160.659448
107.114572 150.647647
103.400580 141.201511
108.324090 132.083042
109.332449 121.769429
102.707882 113.329069
