205.000000 205.000000
212.394299 212.770031
221.769294 217.981413
231.567627 222.653272
242.421778 222.798173
252.843211 222.953956
263.051757 220.852499
273.272575 218.365403
283.729539 219.506759
294.178204 220.149356
304.645924 220.269188
314.603081 225.519428
325.454215 222.525626
334.084452 215.880213
344.868631 214.349207
352.676365 207.192311
361.807357 201.825112
371.903786 200.424228
382.027542 199.236830
392.032792 201.592212
401.100323 206.432950
409.909221 211.885300
417.398872 219.042810
427.347242 223.430163
437.921951 220.901433
445.914989 227.157075
455.570279 230.287108
465.781190 232.617402
472.837166 240.357311
482.508592 243.095162
492.453591 244.554369
502.424698 246.323293
512.500000 245.303319
523.802358 246.604553
535.178526 246.743511
547.046266 248.226797
555.719947 256.461520
566.361949 252.689424
576.168258 247.093244
587.787406 248.112370
598.293276 243.045825
606.970661 236.200956
615.831645 229.595488
627.560437 228.715408
635.973962 220.496425
643.862438 211.467869
644.176899 199.482712
649.818455 188.907853
660.901567 184.345020
664.574364 195.609095
673.200897 203.730162
685.073169 203.816454
695.354093 209.754543
706.182468 208.329763
716.714119 211.222519
727.189565 213.823218
737.982164 213.687469
749.364848 212.659972
759.974851 208.411550
772.083376 209.670541
780.004840 218.914558
791.214914 222.771040
802.481932 219.084239
810.573804 211.212299
820.000000 205.000000
818.240112 214.771394
819.580658 224.609091
816.134264 234.017582
816.755612 244.018145
814.678388 253.808565
816.327157 263.680178
816.173482 273.683625
819.653314 283.063568
819.439295 292.999458
818.042954 302.839068
817.773041 312.793308
815.789381 322.551629
810.817812 331.228552
807.966681 340.813777
799.660306 347.538998
798.227913 358.130159
803.712267 367.165119
801.791524 377.558357
803.385392 387.310971
805.645480 396.931049
811.408406 405.203898
814.185731 414.896051
817.982283 424.262535
818.263161 434.365303
819.087520 444.509989
818.316489 454.658868
816.995902 465.217260
821.978165 474.619422
821.409253 485.116974
815.385622 493.733130
809.621798 502.313930
807.862319 512.500000
807.299685 523.125500
808.871605 533.649135
810.139134 544.172387
812.429807 554.521216
816.972667 564.242733
824.490856 571.899254
829.460528 581.515875
837.980451 588.193298
840.267809 598.458217
846.599903 606.854950
846.610654 617.315842
850.447347 627.047755
857.086382 635.183844
863.472938 643.519587
864.691571 653.978353
867.461361 664.137049
863.784263 674.242760
855.960952 681.621259
851.737091 691.284895
850.041941 701.694185
850.000134 712.784325
845.910237 723.092851
837.088321 729.598363
829.871095 737.848184
828.568581 748.164822
829.060707 758.551706
827.992305 768.858713
826.468257 779.108257
825.985573 789.555410
822.617863 799.456648
820.206840 809.587883
820.000000 820.000000
820.521608 832.062040
813.785181 842.081294
806.142109 850.636223
798.843422 859.486791
790.528872 867.041016
782.662148 875.060536
775.946279 884.975637
764.390800 888.119365
753.453663 883.796343
741.795836 885.347011
730.598179 889.022975
719.065605 886.593989
708.374545 891.867771
701.036197 901.262460
690.235991 906.017627
678.460718 906.791592
667.075104 908.869994
656.803039 903.537392
646.652918 899.049568
635.599595 898.054801
625.257473 902.073917
614.352335 904.121044
602.781054 906.493123
595.675623 915.928914
584.922977 918.328178
573.992535 916.949303
563.912826 912.869538
554.409069 907.585256
544.383986 912.698557
533.483694 909.900028
522.694285 907.095840
512.500000 911.607089
503.575416 904.764617
492.693461 901.927247
484.483284 893.779655
482.488201 882.386239
473.326466 876.441014
464.506497 869.999644
453.590275 869.793280
442.681137 869.349227
430.586704 869.462384
419.930936 863.740260
410.702277 855.892309
406.530558 844.518865
395.620015 839.487415
384.131086 843.003085
374.992498 850.538906
363.156961 851.010579
352.981376 853.889340
342.546188 852.175671
332.379452 849.254555
321.938720 850.953537
310.989276 852.465207
301.587866 858.278033
290.347077 858.337286
280.748946 852.486240
269.808243 855.657101
258.535995 857.297153
248.140709 852.631650
237.177848 849.526078
225.945663 846.351758
215.884249 840.435152
210.141733 830.377571
205.000000 820.000000
216.715772 819.201781
227.003894 813.540418
236.241251 806.609883
243.580265 797.693606
245.115333 786.194636
250.421644 775.878348
255.759649 765.202080
266.098370 759.236527
274.138920 751.597294
280.477105 742.495882
283.717213 731.945719
286.506444 721.267497
289.368627 710.685483
295.837794 701.835568
299.689350 691.755775
304.489622 682.091713
310.767518 672.761795
314.025951 661.998805
316.846057 651.158086
322.168395 641.301774
326.260943 630.066749
325.282334 618.149659
323.186353 606.022657
314.255302 597.555446
311.008128 586.505890
305.369818 576.463664
306.407515 564.666104
313.179961 554.950487
312.257831 543.806002
317.530130 533.944321
313.265408 523.327821
316.960840 512.500000
321.602682 502.338388
323.591853 491.345288
327.966625 481.049595
329.436703 469.960014
331.930670 458.239392
328.616151 446.723888
324.001191 435.634270
314.570435 428.195297
309.641726 416.925491
298.484099 411.747842
292.250399 401.872545
289.743634 390.466554
295.833806 380.150657
300.970520 369.328360
302.469431 356.863919
296.513567 345.812371
292.971565 334.783769
294.240735 323.270081
292.055893 311.763282
284.499355 302.814613
280.983277 291.822591
275.096917 281.895953
277.432741 270.514360
276.031240 258.980386
266.695329 251.664584
254.944638 250.051682
250.323997 238.899162
239.926923 232.764843
228.568769 229.735535
218.124950 224.340074
213.560979 213.313772
