51.400000 51.400000
52.157901 54.234618
53.502386 56.842649
55.093359 59.375914
55.435443 62.347715
57.341310 64.681859
59.806340 66.415116
62.802615 66.864780
65.472779 68.296593
68.467968 68.722040
70.918986 70.495361
73.997028 70.719186
76.624011 69.099495
79.365242 69.923490
82.188754 70.393699
84.339224 72.287040
86.755523 73.826767
89.649636 74.783209
91.361305 77.305285
94.257634 77.572511
97.129903 77.114027
99.885680 76.375986
102.569614 77.343200
105.294340 77.401579
108.012289 77.200854
110.775275 78.293560
113.656318 77.567137
116.122116 76.179329
118.490164 74.630614
120.743536 72.964990
123.534676 72.716935
126.287123 72.296286
128.500000 70.606290
131.241756 71.138265
133.990338 71.633769
136.043643 73.620529
138.733631 74.583461
141.630232 74.836991
144.119320 73.333992
146.877537 73.964941
149.647773 73.389052
152.528717 74.521768
155.506207 73.674753
157.579207 71.306603
160.707847 70.964435
163.249891 72.272073
165.495365 74.041182
167.791449 75.997773
170.806868 76.084376
173.873097 75.653175
176.374469 73.828117
178.393022 71.524057
179.369915 68.620796
180.933080 66.044576
180.893774 63.031464
182.804840 60.848611
184.460178 58.465992
187.292411 59.531634
190.298571 59.185009
193.064826 58.150061
195.597509 56.630588
197.802171 54.662785
200.730777 54.267762
203.466571 53.345264
205.600000 51.400000
207.516657 53.909211
207.224751 57.053175
207.875993 60.084881
206.573799 62.899068
208.211258 65.321232
210.406579 67.252220
211.417534 70.014395
213.282221 72.289165
215.404757 74.104019
217.789766 75.556804
219.795895 77.498638
222.076924 79.108662
223.451988 81.730899
226.147327 82.956490
229.054887 83.530015
230.986006 85.778040
233.022715 88.137868
233.672658 91.186564
234.193445 94.255070
233.209522 97.207838
231.625718 99.686929
229.656345 101.872312
228.380157 104.514095
227.305285 107.243988
226.160259 110.038579
224.855644 112.762326
226.258222 115.545649
226.146260 118.660385
226.788896 121.651601
229.222592 123.505645
230.062227 126.327993
232.050449 128.500000
233.994062 130.856485
235.218478 133.654960
236.432102 136.655205
239.332011 138.092174
238.799037 141.373706
240.563217 144.191538
239.872322 147.237280
238.662163 150.116410
236.923734 152.751568
233.941431 153.786971
232.073809 156.284086
231.867121 159.395497
231.628346 162.286988
230.696028 165.034445
229.818143 167.777042
228.911653 170.510319
226.973482 172.506946
225.462389 174.843530
224.029153 177.268660
221.817915 179.013896
219.845014 181.021143
217.582162 182.694725
214.916663 183.589669
212.389493 184.822235
209.086370 185.368157
206.966613 187.959543
204.954582 190.568984
204.868928 193.862935
204.644514 196.812250
204.616510 199.769958
204.162181 202.844576
205.600000 205.600000
202.962668 205.550780
200.395288 206.156180
198.086721 207.640394
195.344429 207.529924
192.548058 207.154908
190.210532 208.734877
187.529421 209.392435
184.946676 208.417669
182.117948 208.815934
180.000531 210.733449
177.277023 210.211204
174.539665 210.655164
171.523196 210.382542
169.080526 212.173288
167.911575 214.805783
165.884838 216.852441
164.009184 214.888198
161.653365 213.536740
160.531954 210.944619
158.107191 209.496457
155.572506 208.572525
152.887414 208.310690
150.177568 208.128498
147.685613 207.048396
144.914261 207.433667
142.162313 207.939240
139.350804 207.653877
136.732780 206.589939
135.349108 204.132478
133.276581 202.219809
130.606968 201.254091
128.500000 199.351427
125.967835 198.463585
124.022320 196.615586
121.346144 196.302428
119.086307 194.835073
116.559673 196.229011
113.724127 195.693641
111.452516 194.092741
108.720636 193.582907
106.090988 194.601976
103.380054 195.379399
100.619446 194.785850
97.804198 194.567588
96.016537 192.362844
94.145620 190.228295
91.654798 188.766425
88.802286 188.314284
86.608342 189.878070
84.006735 190.578398
81.333103 190.728442
78.805332 191.612293
77.534461 194.074306
75.076545 195.353083
72.858341 196.791180
70.778733 198.423289
67.897749 198.370241
65.255205 199.519086
62.550456 198.696320
59.741871 198.373104
58.531651 200.995540
56.412265 202.957683
53.891185 204.250488
51.400000 205.600000
51.309621 202.908662
51.214859 200.217476
51.451103 197.500279
50.823589 194.846000
49.178528 192.485931
46.753693 190.937925
46.568186 188.097369
45.638964 185.406697
44.735240 182.835521
43.863248 180.253411
41.932803 178.319321
39.740851 176.687549
38.500580 174.300089
36.424457 172.588962
34.277656 171.013933
32.654459 168.903315
30.586592 166.959361
29.691810 164.265963
29.775301 161.496736
30.499864 158.822677
30.443486 156.207891
30.591878 153.596710
30.178843 150.982155
28.966764 148.628995
26.340488 147.292691
25.111476 144.614525
24.940402 141.772065
23.607497 139.255677
23.744375 136.204510
22.003493 133.694992
22.748688 130.837191
24.554201 128.500000
25.499207 125.725512
27.451664 123.539480
30.032698 122.261451
32.772865 121.374561
34.326978 118.962990
37.001708 117.925320
38.109234 115.264665
40.608972 113.830441
43.564700 112.911513
45.889896 110.868421
46.182106 107.669828
48.423150 105.368935
49.206435 102.428159
50.670706 99.760273
49.525999 96.927279
49.270869 93.882429
48.784283 90.914450
46.684390 88.761288
45.272039 86.121496
45.538945 83.139552
44.415174 80.510055
43.333859 77.862817
42.735442 75.065461
42.298302 72.238410
41.189522 69.276720
41.862513 66.186723
44.367970 64.180351
45.099583 61.055037
46.722456 58.572951
47.431190 55.693338
48.796135 52.974033
